1.1081675 -0.0452447 -0.0352940 -0.1896878 -0.1811573 -0.1717681 -0.0304538 -0.1523958 -0.1446439 -0.1578329
-0.0452447 1.0881876 -0.0818093 -0.1643676 -0.1494834 -0.1358171 -0.0752824 -0.1177712 -0.1119847 -0.1183184
-0.0352940 -0.0818093 1.1434662 -0.2020663 -0.2085935 -0.1818728 -0.0288575 -0.1654440 -0.1761555 -0.1860212
-0.1896878 -0.1643676 -0.2020663 0.9502768 0.1067163 0.0422828 -0.2635270 0.0928780 0.1189905 0.1086092
-0.1811573 -0.1494834 -0.2085935 0.1067163 1.0264635 0.1144623 -0.2669420 0.1301056 0.1456933 0.1474056
-0.1717681 -0.1358171 -0.1818728 0.0422828 0.1144623 0.8982400 -0.2402642 0.1009481 0.1016041 0.1043769
-0.0304538 -0.0752824 -0.0288575 -0.2635270 -0.2669420 -0.2402642 1.3329155 -0.2403328 -0.2539314 -0.2430341
-0.1523958 -0.1177712 -0.1654440 0.0928780 0.1301056 0.1009481 -0.2403328 0.9642397 0.1224486 0.1184734
-0.1446439 -0.1119847 -0.1761555 0.1189905 0.1456933 0.1016041 -0.2539314 0.1224486 0.9662382 0.1378990
-0.1578329 -0.1183184 -0.1860212 0.1086092 0.1474056 0.1043769 -0.2430341 0.1184734 0.1378990 0.9581224
