1.5229694 -0.2028403 -0.1374087 -0.1818562 -0.1766889 -0.0394357 -0.0614686 -0.0384477 -0.0689874 -0.0125209 -0.0395008 -0.1117398 -0.0384693 -0.0437807 -0.0851408 -0.1147313 -0.0301616 0.0036114 0.0065862 0.0618371 1.1711395 -0.0158699 -0.0063784 -0.0316023 -0.0702263 -0.0667108 0.0885152 -0.4044493 -0.1217249 0.0130861 0.0678559 0.4328681 -0.1635087 0.5632377 -0.4145277 -0.1311563 0.3654521 -0.0208658 -0.4376147 -0.4364710 -0.3992367 -0.4025306 -0.0590564 -0.4605153 -0.4481291 1.1826391 -0.1493347
-0.2028403 2.3488097 -0.2530695 -0.1140562 -0.0969627 -0.7829366 -0.7213585 -0.7087118 -0.6450863 -0.7117044 -0.6767973 -0.7551297 -0.7390205 -0.6871762 -0.7753936 -0.5715609 -0.7053729 -0.7239860 0.1000663 -0.1641925 -0.4181095 -0.7481439 -0.7253131 -0.6580069 -0.7428105 -0.6810507 -0.0922434 1.9193710 -0.0526532 -0.6769357 0.0773375 -0.3832803 -0.0687217 -0.0082457 1.9075512 -0.3350778 -0.2887841 -0.7044322 1.8826743 1.9021357 1.8777478 1.8538183 -0.7591779 1.8781754 1.8144562 -0.4019486 0.0007111
-0.1374087 -0.2530695 3.8153276 0.1865506 0.1920400 -0.3548754 -0.5005949 -0.4922248 -0.5236215 -0.4898255 -0.4701920 -0.5718931 -0.4625234 -0.4998675 -0.4261491 -0.4590412 -0.4715221 -0.4126381 0.3051988 0.3005390 -0.1298210 -0.5051207 -0.4393538 -0.4683668 -0.5455471 -0.4220981 0.0457840 -0.2727377 0.5968164 -0.3184178 0.2093240 -0.0107738 3.0278018 -0.0283130 -0.2944386 3.7133951 0.1158593 -0.4202476 -0.3220151 -0.2839686 -0.3009959 -0.2491997 -0.5181125 -0.3136120 -0.3381121 -0.1043333 0.2342656
-0.1818562 -0.1140562 0.1865506 5.4259853 5.4004173 -0.7613256 -0.5784969 -0.7157465 -0.5986407 -0.5129606 -0.6549123 -0.6146600 -0.7214541 -0.5360337 -0.5936737 -0.4508693 -0.7038537 -0.5899499 -0.0555047 0.2200488 -0.2887967 -0.6591917 -0.5618706 -0.7122487 -0.6418645 -0.6306691 0.2255500 -0.2658653 2.1736498 -0.6900524 0.1143808 0.0756133 0.1371180 0.0293406 -0.2635373 0.2028788 0.1035574 -0.5977896 -0.2188245 -0.2387878 -0.2115028 -0.1500306 -0.5819088 -0.2821297 -0.2907639 -0.2460219 1.6565180
-0.1766889 -0.0969627 0.1920400 5.4004173 5.4165945 -0.7575446 -0.5621433 -0.7269030 -0.5960185 -0.5238158 -0.6559367 -0.6274348 -0.7307470 -0.5490525 -0.5944631 -0.4639179 -0.7036762 -0.5860041 -0.0509544 0.2188367 -0.2865666 -0.6609585 -0.5626576 -0.7145140 -0.6435272 -0.6324802 0.2160866 -0.2487245 2.1768184 -0.7009800 0.1184063 0.0927886 0.1263022 0.0288695 -0.2595532 0.2074259 0.1208807 -0.6094783 -0.2169738 -0.2369224 -0.2224864 -0.1341544 -0.5947629 -0.2935688 -0.3014406 -0.2342800 1.6581450
-0.0394357 -0.7829366 -0.3548754 -0.7613256 -0.7575446 1.0307602 0.5640531 0.5365350 0.5157893 0.4701427 0.6394004 0.4816777 0.7076584 0.4186589 0.5427883 0.4717199 0.7417789 0.3180241 -0.3292583 -0.2585987 0.0168247 0.6635997 0.5114956 0.6511084 0.5852246 0.3781438 -0.3933601 -0.7900542 -0.4252032 0.6781912 -0.3699742 0.0043131 -0.4861754 -0.0934196 -0.8001059 -0.3395747 0.0048375 0.3539691 -0.6950712 -0.7889944 -0.7537790 -0.7726697 0.7589484 -0.7591926 -0.6380818 -0.0037950 -0.4420757
-0.0614686 -0.7213585 -0.5005949 -0.5784969 -0.5621433 0.5640531 1.0386287 0.7110744 0.7473027 0.6008963 0.5566122 0.7468022 0.4808319 0.5557424 0.7990764 0.6840738 0.5401898 0.2771074 -0.3605751 -0.3952707 -0.0238633 0.5568133 0.5718661 0.4325373 0.6851888 0.3414255 -0.3835442 -0.7398041 -0.5458680 0.3999533 -0.4108385 -0.0097938 -0.5015025 -0.0527266 -0.7782668 -0.4965650 0.0098920 0.3193062 -0.6628073 -0.7299837 -0.7244048 -0.7330700 0.5490286 -0.7371290 -0.6351430 -0.0284908 -0.4400012
-0.0384477 -0.7087118 -0.4922248 -0.7157465 -0.7269030 0.5365350 0.7110744 0.8344452 0.6615173 0.6546288 0.4341871 0.6803625 0.5111811 0.6591380 0.6899944 0.6174716 0.5219606 0.3018189 -0.3454390 -0.3420359 0.0022788 0.4335919 0.5888973 0.4707286 0.7147772 0.4269373 -0.3099129 -0.7182941 -0.5227315 0.4415146 -0.3792607 -0.0125443 -0.4864027 -0.0425201 -0.7373523 -0.4878211 -0.0185642 0.3300550 -0.6322119 -0.7016521 -0.6753768 -0.7102877 0.5012032 -0.6933725 -0.6257702 -0.0206551 -0.4244349
-0.0689874 -0.6450863 -0.5236215 -0.5986407 -0.5960185 0.5157893 0.7473027 0.6615173 0.9815899 0.5553943 0.5327774 0.7779489 0.4483778 0.5720977 0.7944162 0.8231448 0.5589182 0.2821714 -0.3422128 -0.3522260 -0.0184935 0.5565404 0.6033836 0.4899530 0.6837481 0.3174532 -0.3532170 -0.7440382 -0.5170883 0.3889115 -0.3805560 -0.0314554 -0.4959167 -0.0802985 -0.7538085 -0.4792988 -0.0285906 0.2690565 -0.6820082 -0.7381136 -0.7022762 -0.7243326 0.4974279 -0.7147870 -0.6659972 -0.0395774 -0.4492304
-0.0125209 -0.7117044 -0.4898255 -0.5129606 -0.5238158 0.4701427 0.6008963 0.6546288 0.5553943 0.8079963 0.4031434 0.6319990 0.5082604 0.6374798 0.5738038 0.5312800 0.4411185 0.2874753 -0.3147041 -0.2948660 0.0135925 0.4508912 0.5589901 0.4579588 0.5926857 0.3724174 -0.2972226 -0.6797273 -0.4932478 0.4231445 -0.3471446 0.0169574 -0.4573514 -0.0134218 -0.7019101 -0.4582254 0.0088039 0.3689842 -0.6687251 -0.6839269 -0.6428350 -0.6758153 0.4884270 -0.6823981 -0.6232428 0.0089158 -0.3996431
-0.0395008 -0.6767973 -0.4701920 -0.6549123 -0.6559367 0.6394004 0.5566122 0.4341871 0.5327774 0.4031434 0.9218638 0.5695291 0.6514075 0.3938349 0.6065110 0.5105784 0.6455712 0.2834439 -0.2681317 -0.3660380 -0.0174078 0.7960914 0.4667337 0.6593789 0.4152701 0.3892786 -0.3674850 -0.6849707 -0.5114768 0.5803862 -0.3170468 -0.0298564 -0.4103536 -0.1122909 -0.7076116 -0.4409741 0.0099947 0.3272469 -0.6213872 -0.6815626 -0.6611302 -0.6934083 0.6696826 -0.6732261 -0.6250883 -0.0380692 -0.4211004
-0.1117398 -0.7551297 -0.5718931 -0.6146600 -0.6274348 0.4816777 0.7468022 0.6803625 0.7779489 0.6319990 0.5695291 1.0897436 0.5380189 0.6401583 0.8116650 0.7613650 0.5101055 0.2479921 -0.4002458 -0.3746010 -0.0136202 0.5843537 0.5861613 0.4702956 0.6808122 0.3787295 -0.3722334 -0.7319662 -0.5762345 0.3716417 -0.4406245 -0.0664010 -0.5388414 -0.0979958 -0.7420779 -0.5394745 -0.0628684 0.3301181 -0.6401263 -0.7122656 -0.6769574 -0.7037019 0.5878986 -0.6203258 -0.5882030 -0.0745120 -0.4481857
-0.0384693 -0.7390205 -0.4625234 -0.7214541 -0.7307470 0.7076584 0.4808319 0.5111811 0.4483778 0.5082604 0.6514075 0.5380189 0.8683489 0.4658335 0.4548111 0.3534231 0.7079360 0.3089172 -0.2863997 -0.3337929 -0.0013383 0.6573160 0.4770350 0.6856677 0.4967779 0.4124289 -0.3136599 -0.7317442 -0.5163022 0.5944242 -0.3292654 -0.0053621 -0.4319817 -0.0882740 -0.7295235 -0.4405496 -0.0058147 0.3986575 -0.6355022 -0.7106450 -0.6734785 -0.7037594 0.6670629 -0.6623548 -0.5623608 -0.0134746 -0.3624347
-0.0437807 -0.6871762 -0.4998675 -0.5360337 -0.5490525 0.4186589 0.5557424 0.6591380 0.5720977 0.6374798 0.3938349 0.6401583 0.4658335 0.7837398 0.5987486 0.5801111 0.4384267 0.3036147 -0.3299302 -0.3114432 0.0153310 0.4264456 0.5442397 0.4753770 0.6008216 0.4380938 -0.2786624 -0.6638688 -0.5044627 0.4218444 -0.3573312 -0.0194533 -0.4709833 -0.0240722 -0.6868295 -0.4698287 -0.0302786 0.4173124 -0.6029580 -0.6635435 -0.6225906 -0.6468281 0.4441198 -0.6242185 -0.6374860 -0.0275483 -0.3919011
-0.0851408 -0.7753936 -0.4261491 -0.5936737 -0.5944631 0.5427883 0.7990764 0.6899944 0.7944162 0.5738038 0.6065110 0.8116650 0.4548111 0.5987486 1.0248826 0.7150009 0.5431747 0.2756078 -0.3737563 -0.3515876 -0.0237581 0.5876601 0.6340070 0.4126490 0.7151890 0.3442364 -0.3851000 -0.7806759 -0.5488370 0.4666396 -0.4124400 -0.0381340 -0.5266209 -0.0866619 -0.7904979 -0.4070342 -0.0343213 0.3105356 -0.6425238 -0.7741760 -0.7384320 -0.7609043 0.5651329 -0.7183393 -0.6663960 -0.0462451 -0.4795753
-0.1147313 -0.5715609 -0.4590412 -0.4508693 -0.4639179 0.4717199 0.6840738 0.6174716 0.8231448 0.5312800 0.5105784 0.7613650 0.3534231 0.5801111 0.7150009 1.0572801 0.4672486 0.2227551 -0.3657134 -0.3639788 -0.0382782 0.5153037 0.5224785 0.5019702 0.6330619 0.3384864 -0.3610231 -0.7216185 -0.4422327 0.4326064 -0.3936566 -0.0812666 -0.5030164 -0.0653191 -0.7447224 -0.4513695 -0.0413241 0.2648282 -0.6650730 -0.7096472 -0.6772617 -0.7051601 0.4971943 -0.6930294 -0.6614553 -0.0893682 -0.3538686
-0.0301616 -0.7053729 -0.4715221 -0.7038537 -0.7036762 0.7417789 0.5401898 0.5219606 0.5589182 0.4411185 0.6455712 0.5101055 0.7079360 0.4384267 0.5431747 0.4672486 0.9255486 0.3211468 -0.3198991 -0.3848968 0.0263748 0.6713623 0.5175620 0.6659236 0.5617390 0.3659666 -0.3769162 -0.7430153 -0.5536959 0.6166145 -0.3669990 0.0373579 -0.4614201 -0.0474762 -0.7809983 -0.4687641 0.0367215 0.3378485 -0.6807876 -0.7310745 -0.7246309 -0.7319648 0.7234060 -0.6991022 -0.6492521 0.0148936 -0.3946717
0.0036114 -0.7239860 -0.4126381 -0.5899499 -0.5860041 0.3180241 0.2771074 0.3018189 0.2821714 0.2874753 0.2834439 0.2479921 0.3089172 0.3036147 0.2756078 0.2227551 0.3211468 1.8472824 -0.2942219 -0.1768654 0.0287620 0.3079061 0.3305522 0.2989099 0.3073077 1.4396006 -0.1047997 -0.7176302 -0.3455548 0.3788925 -0.2315843 0.2178252 -0.4633217 -0.0062913 -0.7124919 -0.3940479 -0.0303228 1.4521949 -0.7071499 -0.7225599 -0.6864246 -0.6926990 0.3015037 -0.7247038 -0.7290210 0.0216895 -0.3533467
0.0065862 0.1000663 0.3051988 -0.0555047 -0.0509544 -0.3292583 -0.3605751 -0.3454390 -0.3422128 -0.3147041 -0.2681317 -0.4002458 -0.2863997 -0.3299302 -0.3737563 -0.3657134 -0.3198991 -0.2942219 1.4390662 0.9749727 0.0025347 -0.2574388 -0.2528459 -0.2794270 -0.3679774 -0.3258292 0.8489361 0.1064209 0.1435098 -0.2770203 1.1952542 0.0213228 0.3235885 -0.0086198 0.1100959 0.3127379 0.0215459 -0.3050902 0.0862554 0.0736629 0.1246461 0.1201378 -0.3476608 0.0683995 0.0638541 0.0133198 0.2135615
0.0618371 -0.1641925 0.3005390 0.2200488 0.2188367 -0.2585987 -0.3952707 -0.3420359 -0.3522260 -0.2948660 -0.3660380 -0.3746010 -0.3337929 -0.3114432 -0.3515876 -0.3639788 -0.3848968 -0.1768654 0.9749727 2.2715242 -0.0289512 -0.3525688 -0.2823920 -0.3186268 -0.3485935 -0.3561082 1.9546046 -0.1460903 0.4695176 -0.3441529 1.0153543 -0.0098829 0.0109996 0.1504444 -0.1180494 0.3079385 -0.0720559 -0.3766453 -0.1467746 -0.1647640 -0.1085757 -0.0909512 -0.3715591 -0.1412047 -0.1693154 0.0060022 0.4860407
1.1711395 -0.4181095 -0.1298210 -0.2887967 -0.2865666 0.0168247 -0.0238633 0.0022788 -0.0184935 0.0135925 -0.0174078 -0.0136202 -0.0013383 0.0153310 -0.0237581 -0.0382782 0.0263748 0.0287620 0.0025347 -0.0289512 1.2504724 -0.0066194 0.0296848 0.0202754 -0.0191706 -0.0048554 -0.0093344 -0.4086344 -0.2272604 0.0389150 0.0645059 0.4386775 -0.1648156 0.3507967 -0.4171953 -0.1153975 0.3788401 0.0213823 -0.3983221 -0.4233955 -0.3897594 -0.3869575 0.0021023 -0.3764058 -0.4190095 1.1890875 -0.1096476
-0.0158699 -0.7481439 -0.5051207 -0.6591917 -0.6609585 0.6635997 0.5568133 0.4335919 0.5565404 0.4508912 0.7960914 0.5843537 0.6573160 0.4264456 0.5876601 0.5153037 0.6713623 0.3079061 -0.2574388 -0.3525688 -0.0066194 0.9596120 0.4968495 0.6108695 0.4478557 0.3732224 -0.3947890 -0.7234185 -0.4926649 0.6051718 -0.2982933 0.0123691 -0.4139165 -0.0785809 -0.7261482 -0.4734142 0.0650663 0.3391561 -0.6710119 -0.7324013 -0.6857188 -0.7043158 0.6786416 -0.7204184 -0.6623021 0.0043886 -0.4408068
-0.0063784 -0.7253131 -0.4393538 -0.5618706 -0.5626576 0.5114956 0.5718661 0.5888973 0.6033836 0.5589901 0.4667337 0.5861613 0.4770350 0.5442397 0.6340070 0.5224785 0.5175620 0.3305522 -0.2528459 -0.2823920 0.0296848 0.4968495 0.7503122 0.4281654 0.6115537 0.3727966 -0.3301349 -0.7035334 -0.4759760 0.4540478 -0.3392822 0.0350535 -0.4083013 -0.0098445 -0.7139506 -0.3965653 0.0378587 0.3319957 -0.6826896 -0.7211216 -0.6684961 -0.6886628 0.4952959 -0.6938790 -0.6679719 0.0269412 -0.4098043
-0.0316023 -0.6580069 -0.4683668 -0.7122487 -0.7145140 0.6511084 0.4325373 0.4707286 0.4899530 0.4579588 0.6593789 0.4702956 0.6856677 0.4753770 0.4126490 0.5019702 0.6659236 0.2989099 -0.2794270 -0.3186268 0.0202754 0.6108695 0.4281654 0.9129543 0.4569298 0.4165612 -0.2843814 -0.7030456 -0.4926087 0.6178245 -0.2953888 -0.0150800 -0.4185695 -0.0736882 -0.7000653 -0.4390016 -0.0274460 0.3717763 -0.6823827 -0.7100280 -0.6871896 -0.6719303 0.6472145 -0.6518755 -0.6897720 0.0029365 -0.3486943
-0.0702263 -0.7428105 -0.5455471 -0.6418645 -0.6435272 0.5852246 0.6851888 0.7147772 0.6837481 0.5926857 0.4152701 0.6808122 0.4967779 0.6008216 0.7151890 0.6330619 0.5617390 0.3073077 -0.3679774 -0.3485935 -0.0191706 0.4478557 0.6115537 0.4569298 0.8865951 0.3590576 -0.3116732 -0.7104263 -0.4874249 0.4560301 -0.3989607 -0.0325060 -0.5174201 -0.0476028 -0.7294861 -0.5068860 -0.0387171 0.3250106 -0.6258919 -0.7003872 -0.6740186 -0.7004173 0.5737966 -0.6604642 -0.5938207 -0.0405973 -0.3978027
-0.0667108 -0.6810507 -0.4220981 -0.6306691 -0.6324802 0.3781438 0.3414255 0.4269373 0.3174532 0.3724174 0.3892786 0.3787295 0.4124289 0.4380938 0.3442364 0.3384864 0.3659666 1.4396006 -0.3258292 -0.3561082 -0.0048554 0.3732224 0.3727966 0.4165612 0.3590576 1.6996152 -0.3097577 -0.6874831 -0.4935840 0.3469816 -0.3692916 0.0194770 -0.4955770 -0.0879766 -0.7112542 -0.4188268 -0.1249166 1.5210830 -0.6195616 -0.7084202 -0.6887648 -0.6834157 0.3163254 -0.6588745 -0.6304309 -0.0636988 -0.3550409
0.0885152 -0.0922434 0.0457840 0.2255500 0.2160866 -0.3933601 -0.3835442 -0.3099129 -0.3532170 -0.2972226 -0.3674850 -0.3722334 -0.3136599 -0.2786624 -0.3851000 -0.3610231 -0.3769162 -0.1047997 0.8489361 1.9546046 -0.0093344 -0.3947890 -0.3301349 -0.2843814 -0.3116732 -0.3097577 2.0546496 -0.0734916 0.3394942 -0.3194860 0.8952492 -0.0103694 0.0319389 0.2262831 -0.0567185 0.0427165 -0.0811500 -0.2842633 -0.0730060 -0.0653108 -0.0416851 -0.0345975 -0.3714997 -0.0587417 -0.0725657 0.0076856 0.4884365
-0.4044493 1.9193710 -0.2727377 -0.2658653 -0.2487245 -0.7900542 -0.7398041 -0.7182941 -0.7440382 -0.6797273 -0.6849707 -0.7319662 -0.7317442 -0.6638688 -0.7806759 -0.7216185 -0.7430153 -0.7176302 0.1064209 -0.1460903 -0.4086344 -0.7234185 -0.7035334 -0.7030456 -0.7104263 -0.6874831 -0.0734916 2.4078178 -0.1400001 -0.6882229 0.0945530 -0.3769234 -0.0622562 -0.3045591 2.3784516 -0.3262529 -0.3869776 -0.6861085 1.9075931 2.3867741 1.9276844 1.8821020 -0.7359853 1.9266772 1.8532530 -0.3955526 -0.0995515
-0.1217249 -0.0526532 0.5968164 2.1736498 2.1768184 -0.4252032 -0.5458680 -0.5227315 -0.5170883 -0.4932478 -0.5114768 -0.5762345 -0.5163022 -0.5044627 -0.5488370 -0.4422327 -0.5536959 -0.3455548 0.1435098 0.4695176 -0.2272604 -0.4926649 -0.4759760 -0.4926087 -0.4874249 -0.4935840 0.3394942 -0.1400001 3.1745651 -0.5059142 0.2921605 0.0605571 0.4546681 0.0098932 -0.1115956 0.6056175 0.0595444 -0.4768139 -0.1473748 -0.1606702 -0.1063156 -0.0110733 -0.5479933 -0.1396466 -0.1690383 -0.1912854 1.4293897
0.0130861 -0.6769357 -0.3184178 -0.6900524 -0.7009800 0.6781912 0.3999533 0.4415146 0.3889115 0.4231445 0.5803862 0.3716417 0.5944242 0.4218444 0.4666396 0.4326064 0.6166145 0.3788925 -0.2770203 -0.3441529 0.0389150 0.6051718 0.4540478 0.6178245 0.4560301 0.3469816 -0.3194860 -0.6882229 -0.5059142 0.8245977 -0.3183935 0.0558556 -0.4259912 0.0008836 -0.6820271 -0.3321884 0.0492621 0.3452607 -0.6559313 -0.6848091 -0.6280121 -0.6550593 0.6512275 -0.6898214 -0.6666948 0.0477555 -0.3824209
0.0678559 0.0773375 0.2093240 0.1143808 0.1184063 -0.3699742 -0.4108385 -0.3792607 -0.3805560 -0.3471446 -0.3170468 -0.4406245 -0.3292654 -0.3573312 -0.4124400 -0.3936566 -0.3669990 -0.2315843 1.1952542 1.0153543 0.0645059 -0.2982933 -0.3392822 -0.2953888 -0.3989607 -0.3692916 0.8952492 0.0945530 0.2921605 -0.3183935 1.4706999 0.1964523 0.2374062 0.0694276 0.1127191 0.2166177 0.0711971 -0.3534714 0.0761489 0.0710601 0.1143666 0.1347516 -0.3868758 0.0795500 0.0638642 0.1013525 0.2314384
0.4328681 -0.3832803 -0.0107738 0.0756133 0.0927886 0.0043131 -0.0097938 -0.0125443 -0.0314554 0.0169574 -0.0298564 -0.0664010 -0.0053621 -0.0194533 -0.0381340 -0.0812666 0.0373579 0.2178252 0.0213228 -0.0098829 0.4386775 0.0123691 0.0350535 -0.0150800 -0.0325060 0.0194770 -0.0103694 -0.3769234 0.0605571 0.0558556 0.1964523 0.9108039 -0.1482181 0.3897572 -0.3984285 -0.0298459 0.4243922 0.0607958 -0.4114742 -0.4006326 -0.3730059 -0.3141784 -0.0126949 -0.4294865 -0.4340257 0.4656650 -0.0101321
-0.1635087 -0.0687217 3.0278018 0.1371180 0.1263022 -0.4861754 -0.5015025 -0.4864027 -0.4959167 -0.4573514 -0.4103536 -0.5388414 -0.4319817 -0.4709833 -0.5266209 -0.5030164 -0.4614201 -0.4633217 0.3235885 0.0109996 -0.1648156 -0.4139165 -0.4083013 -0.4185695 -0.5174201 -0.4955770 0.0319389 -0.0622562 0.4546681 -0.4259912 0.2374062 -0.1482181 3.3487356 -0.0559968 -0.0411649 3.0405090 0.1302695 -0.4599158 -0.0796125 -0.0620020 -0.0111541 -0.0290944 -0.4875708 -0.0657843 -0.0879624 -0.1371587 0.1279564
0.5632377 -0.0082457 -0.0283130 0.0293406 0.0288695 -0.0934196 -0.0527266 -0.0425201 -0.0802985 -0.0134218 -0.1122909 -0.0979958 -0.0882740 -0.0240722 -0.0866619 -0.0653191 -0.0474762 -0.0062913 -0.0086198 0.1504444 0.3507967 -0.0785809 -0.0098445 -0.0736882 -0.0476028 -0.0879766 0.2262831 -0.3045591 0.0098932 0.0008836 0.0694276 0.3897572 -0.0559968 1.0375112 -0.3027752 -0.0549779 0.4257314 -0.0274086 -0.3437676 -0.3194708 -0.2921466 -0.2671768 -0.0708162 -0.3254878 -0.3523654 0.3970469 0.0923947
-0.4145277 1.9075512 -0.2944386 -0.2635373 -0.2595532 -0.8001059 -0.7782668 -0.7373523 -0.7538085 -0.7019101 -0.7076116 -0.7420779 -0.7295235 -0.6868295 -0.7904979 -0.7447224 -0.7809983 -0.7124919 0.1100959 -0.1180494 -0.4171953 -0.7261482 -0.7139506 -0.7000653 -0.7294861 -0.7112542 -0.0567185 2.3784516 -0.1115956 -0.6820271 0.1127191 -0.3984285 -0.0411649 -0.3027752 2.4553397 -0.3314593 -0.3986595 -0.6941082 1.9442922 2.3957701 1.9803413 1.9093952 -0.7459318 1.9905615 1.8773128 -0.3825375 -0.0843367
-0.1311563 -0.3350778 3.7133951 0.2028788 0.2074259 -0.3395747 -0.4965650 -0.4878211 -0.4792988 -0.4582254 -0.4409741 -0.5394745 -0.4405496 -0.4698287 -0.4070342 -0.4513695 -0.4687641 -0.3940479 0.3127379 0.3079385 -0.1153975 -0.4734142 -0.3965653 -0.4390016 -0.5068860 -0.4188268 0.0427165 -0.3262529 0.6056175 -0.3321884 0.2166177 -0.0298459 3.0405090 -0.0549779 -0.3314593 3.7542109 0.1134489 -0.4132465 -0.3342032 -0.3405868 -0.2884762 -0.3117045 -0.4867693 -0.3522071 -0.3546805 -0.1130717 0.2203444
0.3654521 -0.2887841 0.1158593 0.1035574 0.1208807 0.0048375 0.0098920 -0.0185642 -0.0285906 0.0088039 0.0099947 -0.0628684 -0.0058147 -0.0302786 -0.0343213 -0.0413241 0.0367215 -0.0303228 0.0215459 -0.0720559 0.3788401 0.0650663 0.0378587 -0.0274460 -0.0387171 -0.1249166 -0.0811500 -0.3869776 0.0595444 0.0492621 0.0711971 0.4243922 0.1302695 0.4257314 -0.3986595 0.1134489 1.1113881 -0.0822430 -0.4146553 -0.3962485 -0.3590016 -0.3565228 -0.0106780 -0.4282941 -0.4459243 0.4057461 0.0537696
-0.0208658 -0.7044322 -0.4202476 -0.5977896 -0.6094783 0.3539691 0.3193062 0.3300550 0.2690565 0.3689842 0.3272469 0.3301181 0.3986575 0.4173124 0.3105356 0.2648282 0.3378485 1.4521949 -0.3050902 -0.3766453 0.0213823 0.3391561 0.3319957 0.3717763 0.3250106 1.5210830 -0.2842633 -0.6861085 -0.4768139 0.3452607 -0.3534714 0.0607958 -0.4599158 -0.0274086 -0.6941082 -0.4132465 -0.0822430 1.6605241 -0.6380098 -0.6860808 -0.6608301 -0.6701218 0.3450451 -0.6507058 -0.6314902 -0.0223788 -0.3239974
-0.4376147 1.8826743 -0.3220151 -0.2188245 -0.2169738 -0.6950712 -0.6628073 -0.6322119 -0.6820082 -0.6687251 -0.6213872 -0.6401263 -0.6355022 -0.6029580 -0.6425238 -0.6650730 -0.6807876 -0.7071499 0.0862554 -0.1467746 -0.3983221 -0.6710119 -0.6826896 -0.6823827 -0.6258919 -0.6195616 -0.0730060 1.9075931 -0.1473748 -0.6559313 0.0761489 -0.4114742 -0.0796125 -0.3437676 1.9442922 -0.3342032 -0.4146553 -0.6380098 2.1159003 1.9419116 1.9727484 1.8294551 -0.6587205 1.9939681 2.0077932 -0.4192577 -0.1185141
-0.4364710 1.9021357 -0.2839686 -0.2387878 -0.2369224 -0.7889944 -0.7299837 -0.7016521 -0.7381136 -0.6839269 -0.6815626 -0.7122656 -0.7106450 -0.6635435 -0.7741760 -0.7096472 -0.7310745 -0.7225599 0.0736629 -0.1647640 -0.4233955 -0.7324013 -0.7211216 -0.7100280 -0.7003872 -0.7084202 -0.0653108 2.3867741 -0.1606702 -0.6848091 0.0710601 -0.4006326 -0.0620020 -0.3194708 2.3957701 -0.3405868 -0.3962485 -0.6860808 1.9419116 2.4653823 1.9872342 1.8828977 -0.7170018 1.9721067 1.9024297 -0.4192923 -0.0907224
-0.3992367 1.8777478 -0.3009959 -0.2115028 -0.2224864 -0.7537790 -0.7244048 -0.6753768 -0.7022762 -0.6428350 -0.6611302 -0.6769574 -0.6734785 -0.6225906 -0.7384320 -0.6772617 -0.7246309 -0.6864246 0.1246461 -0.1085757 -0.3897594 -0.6857188 -0.6684961 -0.6871896 -0.6740186 -0.6887648 -0.0416851 1.9276844 -0.1063156 -0.6280121 0.1143666 -0.3730059 -0.0111541 -0.2921466 1.9803413 -0.2884762 -0.3590016 -0.6608301 1.9727484 1.9872342 2.0417230 1.8655601 -0.6811180 1.9643291 1.9226358 -0.3811324 -0.0500787
-0.4025306 1.8538183 -0.2491997 -0.1500306 -0.1341544 -0.7726697 -0.7330700 -0.7102877 -0.7243326 -0.6758153 -0.6934083 -0.7037019 -0.7037594 -0.6468281 -0.7609043 -0.7051601 -0.7319648 -0.6926990 0.1201378 -0.0909512 -0.3869575 -0.7043158 -0.6886628 -0.6719303 -0.7004173 -0.6834157 -0.0345975 1.8821020 -0.0110733 -0.6550593 0.1347516 -0.3141784 -0.0290944 -0.2671768 1.9093952 -0.3117045 -0.3565228 -0.6701218 1.8294551 1.8828977 1.8655601 2.1503596 -0.7172909 2.1004605 1.9731905 -0.3454339 -0.0320619
-0.0590564 -0.7591779 -0.5181125 -0.5819088 -0.5947629 0.7589484 0.5490286 0.5012032 0.4974279 0.4884270 0.6696826 0.5878986 0.6670629 0.4441198 0.5651329 0.4971943 0.7234060 0.3015037 -0.3476608 -0.3715591 0.0021023 0.6786416 0.4952959 0.6472145 0.5737966 0.3163254 -0.3714997 -0.7359853 -0.5479933 0.6512275 -0.3868758 -0.0126949 -0.4875708 -0.0708162 -0.7459318 -0.4867693 -0.0106780 0.3450451 -0.6587205 -0.7170018 -0.6811180 -0.7172909 0.9693884 -0.6705108 -0.6347918 -0.0207935 -0.4420699
-0.4605153 1.8781754 -0.3136120 -0.2821297 -0.2935688 -0.7591926 -0.7371290 -0.6933725 -0.7147870 -0.6823981 -0.6732261 -0.6203258 -0.6623548 -0.6242185 -0.7183393 -0.6930294 -0.6991022 -0.7247038 0.0683995 -0.1412047 -0.3764058 -0.7204184 -0.6938790 -0.6518755 -0.6604642 -0.6588745 -0.0587417 1.9266772 -0.1396466 -0.6898214 0.0795500 -0.4294865 -0.0657843 -0.3254878 1.9905615 -0.3522071 -0.4282941 -0.6507058 1.9939681 1.9721067 1.9643291 2.1004605 -0.6705108 2.3234067 2.1577084 -0.4115021 -0.0741241
-0.4481291 1.8144562 -0.3381121 -0.2907639 -0.3014406 -0.6380818 -0.6351430 -0.6257702 -0.6659972 -0.6232428 -0.6250883 -0.5882030 -0.5623608 -0.6374860 -0.6663960 -0.6614553 -0.6492521 -0.7290210 0.0638541 -0.1693154 -0.4190095 -0.6623021 -0.6679719 -0.6897720 -0.5938207 -0.6304309 -0.0725657 1.8532530 -0.1690383 -0.6666948 0.0638642 -0.4340257 -0.0879624 -0.3523654 1.8773128 -0.3546805 -0.4459243 -0.6314902 2.0077932 1.9024297 1.9226358 1.9731905 -0.6347918 2.1577084 2.2861471 -0.4421019 -0.1395632
1.1826391 -0.4019486 -0.1043333 -0.2460219 -0.2342800 -0.0037950 -0.0284908 -0.0206551 -0.0395774 0.0089158 -0.0380692 -0.0745120 -0.0134746 -0.0275483 -0.0462451 -0.0893682 0.0148936 0.0216895 0.0133198 0.0060022 1.1890875 0.0043886 0.0269412 0.0029365 -0.0405973 -0.0636988 0.0076856 -0.3955526 -0.1912854 0.0477555 0.1013525 0.4656650 -0.1371587 0.3970469 -0.3825375 -0.1130717 0.4057461 -0.0223788 -0.4192577 -0.4192923 -0.3811324 -0.3454339 -0.0207935 -0.4115021 -0.4421019 1.2423177 -0.0776809
-0.1493347 0.0007111 0.2342656 1.6565180 1.6581450 -0.4420757 -0.4400012 -0.4244349 -0.4492304 -0.3996431 -0.4211004 -0.4481857 -0.3624347 -0.3919011 -0.4795753 -0.3538686 -0.3946717 -0.3533467 0.2135615 0.4860407 -0.1096476 -0.4408068 -0.4098043 -0.3486943 -0.3978027 -0.3550409 0.4884365 -0.0995515 1.4293897 -0.3824209 0.2314384 -0.0101321 0.1279564 0.0923947 -0.0843367 0.2203444 0.0537696 -0.3239974 -0.1185141 -0.0907224 -0.0500787 -0.0320619 -0.4420699 -0.0741241 -0.1395632 -0.0776809 2.5910807
