1.0476109 -0.1533812 -0.0707498 0.0808073 0.0960339 -0.2100314 0.0845350 0.0371344 0.0972453 0.0286351 -0.1545752 -0.1055654 -0.1681031 0.1000552 0.0957737 -0.1175666 0.0979804 -0.1758503 -0.0749691 0.0935102 -0.1854972 -0.1588572 -0.1724505 0.0932478 0.0271785 0.0001049 -0.0000683 -0.0054689 0.0000382 -0.1190562 -0.0477213 -0.0001015 -0.0168055 -0.0196312 -0.0021468 -0.0013173 -0.0001092 -0.1006281 -0.0052208 -0.0601081 -0.0004450 -0.0978587 -0.0642237 -0.0284884 -0.0624295 -0.0430491 -0.0643293 -0.0002225 -0.0173215 -0.0022993
-0.1533812 1.1553192 0.1061120 -0.1357741 -0.1839205 0.3479278 -0.1387853 -0.0758195 -0.1696235 -0.0694185 0.2469929 0.1577750 0.2686647 -0.1855226 -0.1706179 0.1755530 -0.1799256 0.2825683 0.1129675 -0.1791235 0.2998708 0.2538818 0.2766476 -0.1571178 -0.0739271 -0.0001760 0.0001065 0.0086700 -0.0000627 0.1897377 0.0758698 0.0001592 0.0266882 0.0311716 0.0034011 0.0020967 0.0001706 0.1602628 0.0082833 0.0954976 0.0007069 0.1557429 0.1020914 0.0453433 0.0994030 0.0683809 0.1023596 0.0003537 0.0275235 0.0036276
-0.0707498 0.1061120 1.0463446 -0.0621736 -0.0899163 0.1245491 -0.0627743 -0.0380908 -0.0804795 -0.0375451 0.1067476 0.0567257 0.1097421 -0.0903580 -0.0812931 0.0614166 -0.0866892 0.1146748 0.0489168 -0.0877204 0.1162380 0.1090607 0.1126237 -0.0729073 -0.0417981 -0.0000781 0.0000472 0.0037900 -0.0000284 0.0827192 0.0331712 0.0000708 0.0116313 0.0136607 0.0014831 0.0009188 0.0000745 0.0698673 0.0036247 0.0416152 0.0003100 0.0678562 0.0445815 0.0198343 0.0434114 0.0298753 0.0446798 0.0001559 0.0120132 0.0015760
0.0808073 -0.1357741 -0.0621736 1.0259275 0.0878700 -0.1903761 0.0749189 0.0341589 0.0855927 0.0276402 -0.1369909 -0.0926811 -0.1494953 0.0896326 0.0850696 -0.1033614 0.0879361 -0.1567179 -0.0658672 0.0843188 -0.1663464 -0.1408211 -0.1535428 0.0822153 0.0265859 0.0000944 -0.0000604 -0.0048338 0.0000345 -0.1053006 -0.0421712 -0.0000904 -0.0148604 -0.0173422 -0.0018989 -0.0011679 -0.0000950 -0.0889674 -0.0046109 -0.0531070 -0.0003950 -0.0864997 -0.0567607 -0.0251923 -0.0552347 -0.0380405 -0.0568810 -0.0001971 -0.0153154 -0.0020245
0.0960339 -0.1839205 -0.0899163 0.0878700 1.1100136 -0.2307399 0.0950970 0.0248586 0.0885697 0.0094490 -0.1852437 -0.1304238 -0.1978209 0.0782707 0.0838001 -0.1429292 0.0797281 -0.2051431 -0.0951050 0.0682150 -0.2122570 -0.1897430 -0.2015193 0.0945491 -0.0008675 0.0001267 -0.0000821 -0.0066702 0.0000457 -0.1441134 -0.0580007 -0.0001209 -0.0204787 -0.0238663 -0.0026031 -0.0016108 -0.0001306 -0.1218369 -0.0063476 -0.0729042 -0.0005430 -0.1185038 -0.0779159 -0.0346037 -0.0758239 -0.0522457 -0.0780058 -0.0002691 -0.0210255 -0.0028079
-0.2100314 0.3479278 0.1245491 -0.1903761 -0.2307399 1.3398185 -0.1946366 -0.1180118 -0.2222760 -0.1144363 0.3496902 0.1596280 0.3526937 -0.2329560 -0.2226558 0.1666155 -0.2293030 0.3718750 0.1330848 -0.2250762 0.3725426 0.3578922 0.3676718 -0.2129875 -0.1223556 -0.0002597 0.0001542 0.0124129 -0.0000936 0.2696353 0.1086216 0.0002306 0.0382050 0.0446569 0.0048707 0.0030032 0.0002437 0.2283943 0.0118688 0.1363804 0.0010143 0.2214732 0.1457632 0.0650817 0.1421035 0.0978959 0.1463198 0.0005098 0.0394988 0.0051803
0.0845350 -0.1387853 -0.0627743 0.0749189 0.0950970 -0.1946366 1.0274338 0.0374359 0.0917546 0.0315174 -0.1399798 -0.0942330 -0.1528981 0.0980521 0.0915907 -0.1049185 0.0955877 -0.1600578 -0.0667064 0.0924904 -0.1698542 -0.1439033 -0.1570796 0.0863726 0.0316490 0.0000959 -0.0000612 -0.0049377 0.0000356 -0.1076728 -0.0430914 -0.0000918 -0.0151608 -0.0177152 -0.0019347 -0.0011903 -0.0000964 -0.0909583 -0.0047016 -0.0542794 -0.0004032 -0.0884453 -0.0580033 -0.0257559 -0.0564441 -0.0388765 -0.0581167 -0.0002020 -0.0156129 -0.0020659
0.0371344 -0.0758195 -0.0380908 0.0341589 0.0248586 -0.1180118 0.0374359 1.0256964 0.0328665 0.0047802 -0.0766626 -0.0581195 -0.0866345 0.0272830 0.0304691 -0.0657238 0.0285257 -0.0914452 -0.0399736 0.0231347 -0.0990081 -0.0791997 -0.0893821 0.0361098 -0.0005373 0.0000496 -0.0000322 -0.0026806 0.0000188 -0.0583427 -0.0233842 -0.0000502 -0.0082964 -0.0096398 -0.0010553 -0.0006498 -0.0000537 -0.0493568 -0.0025612 -0.0295253 -0.0002194 -0.0480929 -0.0315247 -0.0139696 -0.0305688 -0.0211407 -0.0314836 -0.0001091 -0.0084916 -0.0011393
0.0972453 -0.1696235 -0.0804795 0.0855927 0.0885697 -0.2222760 0.0917546 0.0328665 1.0564404 0.0202981 -0.1708261 -0.1185606 -0.1840950 0.0959120 0.0946799 -0.1311156 0.0954713 -0.1919915 -0.0848432 0.0846457 -0.2011005 -0.1754499 -0.1886960 0.1012255 0.0145034 0.0001145 -0.0000767 -0.0060978 0.0000418 -0.1320569 -0.0530528 -0.0001137 -0.0187094 -0.0218247 -0.0023910 -0.0014644 -0.0001214 -0.1117177 -0.0058200 -0.0667142 -0.0004969 -0.1086636 -0.0713077 -0.0316904 -0.0693870 -0.0478022 -0.0714414 -0.0002465 -0.0192536 -0.0025447
0.0286351 -0.0694185 -0.0375451 0.0276402 0.0094490 -0.1144363 0.0315174 0.0047802 0.0202981 1.0248396 -0.0703205 -0.0574581 -0.0809716 0.0120414 0.0183424 -0.0653099 0.0142963 -0.0857789 -0.0393004 0.0077911 -0.0945344 -0.0727598 -0.0836996 0.0273343 -0.0091862 0.0000449 -0.0000306 -0.0024780 0.0000161 -0.0534464 -0.0214308 -0.0000478 -0.0075911 -0.0088478 -0.0009744 -0.0005880 -0.0000497 -0.0451095 -0.0023623 -0.0270599 -0.0001985 -0.0439499 -0.0288417 -0.0127685 -0.0279517 -0.0193454 -0.0288200 -0.0000983 -0.0077638 -0.0010589
-0.1545752 0.2469929 0.1067476 -0.1369909 -0.1852437 0.3496902 -0.1399798 -0.0766626 -0.1708261 -0.0703205 1.1593872 0.1583380 0.2706698 -0.1869734 -0.1720360 0.1763349 -0.1811794 0.2843999 0.1136457 -0.1805008 0.3020889 0.2559075 0.2786894 -0.1584706 -0.0747778 -0.0001765 0.0001087 0.0087332 -0.0000640 0.1912682 0.0765271 0.0001622 0.0268995 0.0314387 0.0034315 0.0021160 0.0001719 0.1616551 0.0083524 0.0962883 0.0007134 0.1570218 0.1029531 0.0457459 0.1002635 0.0689969 0.1032169 0.0003561 0.0277424 0.0036572
-0.1055654 0.1577750 0.0567257 -0.0926811 -0.1304238 0.1596280 -0.0942330 -0.0581195 -0.1185606 -0.0574581 0.1583380 1.0840960 0.1565925 -0.1307204 -0.1192957 0.0850464 -0.1266106 0.1635123 0.0607742 -0.1267860 0.1607582 0.1614860 0.1609565 -0.1084625 -0.0645843 -0.0001147 0.0000696 0.0056564 -0.0000431 0.1230537 0.0495547 0.0001055 0.0174092 0.0203646 0.0022163 0.0013605 0.0001109 0.1042926 0.0053934 0.0622126 0.0004605 0.1008829 0.0665397 0.0296458 0.0648388 0.0445442 0.0666859 0.0002328 0.0179564 0.0023497
-0.1681031 0.2686647 0.1097421 -0.1494953 -0.1978209 0.3526937 -0.1528981 -0.0866345 -0.1840950 -0.0809716 0.2706698 0.1565925 1.1945225 -0.1993046 -0.1849222 0.1711608 -0.1939855 0.3021182 0.1170654 -0.1928647 0.3138593 0.2776365 0.2956910 -0.1719319 -0.0875038 -0.0001945 0.0001183 0.0095541 -0.0000704 0.2087833 0.0836073 0.0001772 0.0293913 0.0344153 0.0037454 0.0023105 0.0001873 0.1765349 0.0091377 0.1051141 0.0007822 0.1712624 0.1124556 0.0499560 0.1095922 0.0753418 0.1127560 0.0003911 0.0303157 0.0039911
0.1000552 -0.1855226 -0.0903580 0.0896326 0.0782707 -0.2329560 0.0980521 0.0272830 0.0959120 0.0120414 -0.1869734 -0.1307204 -0.1993046 1.0890971 0.0937860 -0.1433775 0.0909995 -0.2067203 -0.0950626 0.0727788 -0.2146345 -0.1912908 -0.2034961 0.0999768 0.0019726 0.0001302 -0.0000841 -0.0067006 0.0000472 -0.1454381 -0.0585218 -0.0001236 -0.0206751 -0.0240427 -0.0026424 -0.0016135 -0.0001329 -0.1229800 -0.0064233 -0.0736213 -0.0005461 -0.1196842 -0.0785775 -0.0348712 -0.0764475 -0.0527344 -0.0787885 -0.0002720 -0.0212361 -0.0028246
0.0957737 -0.1706179 -0.0812931 0.0850696 0.0838001 -0.2226558 0.0915907 0.0304691 0.0946799 0.0183424 -0.1720360 -0.1192957 -0.1849222 0.0937860 1.0579449 -0.1323346 0.0945258 -0.1927264 -0.0860489 0.0798476 -0.2015609 -0.1764574 -0.1892039 0.0959386 0.0113719 0.0001194 -0.0000759 -0.0061193 0.0000414 -0.1330165 -0.0534499 -0.0001130 -0.0187966 -0.0219878 -0.0024166 -0.0014836 -0.0001188 -0.1125350 -0.0058523 -0.0672997 -0.0004995 -0.1094035 -0.0718848 -0.0318740 -0.0699350 -0.0481101 -0.0719890 -0.0002479 -0.0194168 -0.0025849
-0.1175666 0.1755530 0.0614166 -0.1033614 -0.1429292 0.1666155 -0.1049185 -0.0657238 -0.1311156 -0.0653099 0.1763349 0.0850464 0.1711608 -0.1433775 -0.1323346 1.1106005 -0.1394801 0.1791383 0.0656465 -0.1396525 0.1727187 0.1797269 0.1751454 -0.1204496 -0.0733239 -0.0001320 0.0000774 0.0063179 -0.0000452 0.1370471 0.0551558 0.0001159 0.0194061 0.0227212 0.0024584 0.0015382 0.0001263 0.1160848 0.0060237 0.0691748 0.0005189 0.1125872 0.0740576 0.0330975 0.0723546 0.0497832 0.0743751 0.0002621 0.0200645 0.0026320
0.0979804 -0.1799256 -0.0866892 0.0879361 0.0797281 -0.2293030 0.0955877 0.0285257 0.0954713 0.0142963 -0.1811794 -0.1266106 -0.1939855 0.0909995 0.0945258 -0.1394801 1.0774925 -0.2017493 -0.0917507 0.0779685 -0.2094831 -0.1857675 -0.1984591 0.0983505 0.0060953 0.0001222 -0.0000797 -0.0064972 0.0000459 -0.1406161 -0.0565741 -0.0001216 -0.0199421 -0.0232477 -0.0025551 -0.0015751 -0.0001279 -0.1189749 -0.0061848 -0.0711253 -0.0005293 -0.1156882 -0.0760257 -0.0337058 -0.0739246 -0.0510295 -0.0761554 -0.0002640 -0.0205219 -0.0027306
-0.1758503 0.2825683 0.1146748 -0.1567179 -0.2051431 0.3718750 -0.1600578 -0.0914452 -0.1919915 -0.0857789 0.2843999 0.1635123 0.3021182 -0.2067203 -0.1927264 0.1791383 -0.2017493 1.2110580 0.1222264 -0.2001496 0.3380513 0.2922454 0.3122825 -0.1797363 -0.0922910 -0.0002063 0.0001233 0.0100126 -0.0000707 0.2185594 0.0875660 0.0001825 0.0307901 0.0360144 0.0039363 0.0024203 0.0001959 0.1848577 0.0095511 0.1101867 0.0008226 0.1795332 0.1178098 0.0523916 0.1148035 0.0789901 0.1181077 0.0004095 0.0317904 0.0041805
-0.0749691 0.1129675 0.0489168 -0.0658672 -0.0951050 0.1330848 -0.0667064 -0.0399736 -0.0848432 -0.0393004 0.1136457 0.0607742 0.1170654 -0.0950626 -0.0860489 0.0656465 -0.0917507 0.1222264 1.0495861 -0.0924233 0.1244057 0.1161633 0.1198598 -0.0774205 -0.0438051 -0.0000866 0.0000494 0.0040425 -0.0000306 0.0879881 0.0352934 0.0000749 0.0123928 0.0145412 0.0015752 0.0009788 0.0000782 0.0744550 0.0038529 0.0443264 0.0003283 0.0721546 0.0474738 0.0211380 0.0462636 0.0318039 0.0475809 0.0001658 0.0128232 0.0016735
0.0935102 -0.1791235 -0.0877204 0.0843188 0.0682150 -0.2250762 0.0924904 0.0231347 0.0846457 0.0077911 -0.1805008 -0.1267860 -0.1928647 0.0727788 0.0798476 -0.1396525 0.0779685 -0.2001496 -0.0924233 1.0990638 -0.2074850 -0.1847796 -0.1969619 0.0917557 -0.0022965 0.0001239 -0.0000807 -0.0064608 0.0000453 -0.1400134 -0.0563153 -0.0001205 -0.0198933 -0.0232082 -0.0025545 -0.0015608 -0.0001279 -0.1184406 -0.0061989 -0.0708148 -0.0005278 -0.1152478 -0.0757333 -0.0336124 -0.0736308 -0.0508097 -0.0757962 -0.0002618 -0.0204515 -0.0027204
-0.1854972 0.2998708 0.1162380 -0.1663464 -0.2122570 0.3725426 -0.1698542 -0.0990081 -0.2011005 -0.0945344 0.3020889 0.1607582 0.3138593 -0.2146345 -0.2015609 0.1727187 -0.2094831 0.3380513 0.1244057 -0.2074850 1.2408527 0.3096825 0.3251733 -0.1895131 -0.1022222 -0.0002190 0.0001303 0.0106613 -0.0000771 0.2323278 0.0932319 0.0001981 0.0327853 0.0383575 0.0041800 0.0025867 0.0002095 0.1964690 0.0101863 0.1172480 0.0008724 0.1907605 0.1252379 0.0558491 0.1221868 0.0840238 0.1257926 0.0004369 0.0338779 0.0044442
-0.1588572 0.2538818 0.1090607 -0.1408211 -0.1897430 0.3578922 -0.1439033 -0.0791997 -0.1754499 -0.0727598 0.2559075 0.1614860 0.2776365 -0.1912908 -0.1764574 0.1797269 -0.1857675 0.2922454 0.1161633 -0.1847796 0.3096825 1.1704646 0.2859374 -0.1628028 -0.0774846 -0.0001822 0.0001109 0.0089829 -0.0000658 0.1965892 0.0786931 0.0001658 0.0276520 0.0323199 0.0035259 0.0021715 0.0001771 0.1661499 0.0085859 0.0989840 0.0007338 0.1614341 0.1058490 0.0469957 0.1030450 0.0709034 0.1060975 0.0003663 0.0285327 0.0037612
-0.1724505 0.2766476 0.1126237 -0.1535428 -0.2015193 0.3676718 -0.1570796 -0.0893821 -0.1886960 -0.0836996 0.2786894 0.1609565 0.2956910 -0.2034961 -0.1892039 0.1751454 -0.1984591 0.3122825 0.1198598 -0.1969619 0.3251733 0.2859374 1.1994750 -0.1763713 -0.0900993 -0.0002008 0.0001215 0.0098112 -0.0000722 0.2143484 0.0859007 0.0001837 0.0302158 0.0352881 0.0038522 0.0023665 0.0001923 0.1812440 0.0093773 0.1080200 0.0007994 0.1760682 0.1154861 0.0513836 0.1125511 0.0773966 0.1158826 0.0004007 0.0311747 0.0041063
0.0932478 -0.1571178 -0.0729073 0.0822153 0.0945491 -0.2129875 0.0863726 0.0361098 0.1012255 0.0273343 -0.1584706 -0.1084625 -0.1719319 0.0999768 0.0959386 -0.1204496 0.0983505 -0.1797363 -0.0774205 0.0917557 -0.1895131 -0.1628028 -0.1763713 1.0434017 0.0241730 0.0001112 -0.0000699 -0.0056123 0.0000392 -0.1221105 -0.0489547 -0.0001033 -0.0172540 -0.0201406 -0.0021982 -0.0013559 -0.0001125 -0.1032333 -0.0053590 -0.0616051 -0.0004590 -0.1004155 -0.0658951 -0.0292542 -0.0640927 -0.0441613 -0.0659898 -0.0002282 -0.0177619 -0.0023562
0.0271785 -0.0739271 -0.0417981 0.0265859 -0.0008675 -0.1223556 0.0316490 -0.0005373 0.0145034 -0.0091862 -0.0747778 -0.0645843 -0.0875038 0.0019726 0.0113719 -0.0733239 0.0060953 -0.0922910 -0.0438051 -0.0022965 -0.1022222 -0.0774846 -0.0900993 0.0241730 1.0640693 0.0000458 -0.0000343 -0.0026227 0.0000180 -0.0567443 -0.0228112 -0.0000475 -0.0080725 -0.0093492 -0.0010494 -0.0006349 -0.0000508 -0.0479606 -0.0025236 -0.0286785 -0.0002128 -0.0467356 -0.0306603 -0.0135478 -0.0297356 -0.0205912 -0.0306831 -0.0001043 -0.0082514 -0.0011214
0.0001049 -0.0001760 -0.0000781 0.0000944 0.0001267 -0.0002597 0.0000959 0.0000496 0.0001145 0.0000449 -0.0001765 -0.0001147 -0.0001945 0.0001302 0.0001194 -0.0001320 0.0001222 -0.0002063 -0.0000866 0.0001239 -0.0002190 -0.0001822 -0.0002008 0.0001112 0.0000458 0.9999477 -0.0000006 -0.0000071 -0.0000016 -0.0001356 -0.0000546 -0.0000005 -0.0000188 -0.0000248 -0.0000025 -0.0000026 -0.0000004 -0.0001129 -0.0000063 -0.0000673 -0.0000007 -0.0001084 -0.0000758 -0.0000326 -0.0000710 -0.0000495 -0.0000719 -0.0000012 -0.0000213 -0.0000042
-0.0000683 0.0001065 0.0000472 -0.0000604 -0.0000821 0.0001542 -0.0000612 -0.0000322 -0.0000767 -0.0000306 0.0001087 0.0000696 0.0001183 -0.0000841 -0.0000759 0.0000774 -0.0000797 0.0001233 0.0000494 -0.0000807 0.0001303 0.0001109 0.0001215 -0.0000699 -0.0000343 -0.0000006 1.0000423 0.0000035 0.0000001 0.0000835 0.0000339 -0.0000002 0.0000118 0.0000137 0.0000014 0.0000021 0.0000003 0.0000702 0.0000038 0.0000406 0.0000002 0.0000699 0.0000461 0.0000203 0.0000440 0.0000303 0.0000448 0.0000003 0.0000118 0.0000019
-0.0054689 0.0086700 0.0037900 -0.0048338 -0.0066702 0.0124129 -0.0049377 -0.0026806 -0.0060978 -0.0024780 0.0087332 0.0056564 0.0095541 -0.0067006 -0.0061193 0.0063179 -0.0064972 0.0100126 0.0040425 -0.0064608 0.0106613 0.0089829 0.0098112 -0.0056123 -0.0026227 -0.0000071 0.0000035 1.0010862 -0.0000021 0.0067265 0.0026887 0.0000053 0.0009459 0.0011038 0.0001201 0.0000742 0.0000058 0.0056856 0.0002931 0.0033850 0.0000242 0.0055260 0.0036161 0.0016061 0.0035290 0.0024198 0.0036302 0.0000135 0.0009768 0.0001271
0.0000382 -0.0000627 -0.0000284 0.0000345 0.0000457 -0.0000936 0.0000356 0.0000188 0.0000418 0.0000161 -0.0000640 -0.0000431 -0.0000704 0.0000472 0.0000414 -0.0000452 0.0000459 -0.0000707 -0.0000306 0.0000453 -0.0000771 -0.0000658 -0.0000722 0.0000392 0.0000180 -0.0000016 0.0000001 -0.0000021 0.9999736 -0.0000489 -0.0000211 0.0000001 -0.0000065 -0.0000063 -0.0000019 -0.0000011 -0.0000006 -0.0000420 -0.0000017 -0.0000243 0.0000003 -0.0000417 -0.0000271 -0.0000103 -0.0000255 -0.0000183 -0.0000257 -0.0000003 -0.0000053 -0.0000004
-0.1190562 0.1897377 0.0827192 -0.1053006 -0.1441134 0.2696353 -0.1076728 -0.0583427 -0.1320569 -0.0534464 0.1912682 0.1230537 0.2087833 -0.1454381 -0.1330165 0.1370471 -0.1406161 0.2185594 0.0879881 -0.1400134 0.2323278 0.1965892 0.2143484 -0.1221105 -0.0567443 -0.0001356 0.0000835 0.0067265 -0.0000489 1.0938340 0.0588499 0.0001235 0.0206791 0.0241696 0.0026419 0.0016266 0.0001312 0.1242809 0.0064242 0.0740180 0.0005485 0.1207454 0.0791276 0.0351389 0.0770760 0.0530305 0.0793298 0.0002739 0.0213140 0.0028171
-0.0477213 0.0758698 0.0331712 -0.0421712 -0.0580007 0.1086216 -0.0430914 -0.0233842 -0.0530528 -0.0214308 0.0765271 0.0495547 0.0836073 -0.0585218 -0.0534499 0.0551558 -0.0565741 0.0875660 0.0352934 -0.0563153 0.0932319 0.0786931 0.0859007 -0.0489547 -0.0228112 -0.0000546 0.0000339 0.0026887 -0.0000211 0.0588499 1.0196739 0.0000521 0.0082744 0.0096628 0.0010593 0.0006499 0.0000519 0.0497084 0.0025696 0.0296101 0.0002174 0.0483091 0.0316567 0.0140409 0.0308192 0.0212056 0.0317329 0.0001088 0.0085269 0.0011231
-0.0001015 0.0001592 0.0000708 -0.0000904 -0.0001209 0.0002306 -0.0000918 -0.0000502 -0.0001137 -0.0000478 0.0001622 0.0001055 0.0001772 -0.0001236 -0.0001130 0.0001159 -0.0001216 0.0001825 0.0000749 -0.0001205 0.0001981 0.0001658 0.0001837 -0.0001033 -0.0000475 -0.0000005 -0.0000002 0.0000053 0.0000001 0.0001235 0.0000521 1.0000560 0.0000175 0.0000200 0.0000022 0.0000027 0.0000002 0.0001063 0.0000058 0.0000626 0.0000009 0.0001009 0.0000656 0.0000283 0.0000649 0.0000434 0.0000685 0.0000004 0.0000173 0.0000016
-0.0168055 0.0266882 0.0116313 -0.0148604 -0.0204787 0.0382050 -0.0151608 -0.0082964 -0.0187094 -0.0075911 0.0268995 0.0174092 0.0293913 -0.0206751 -0.0187966 0.0194061 -0.0199421 0.0307901 0.0123928 -0.0198933 0.0327853 0.0276520 0.0302158 -0.0172540 -0.0080725 -0.0000188 0.0000118 0.0009459 -0.0000065 0.0206791 0.0082744 0.0000175 1.0046182 0.0034002 0.0003729 0.0002306 0.0000177 0.0174668 0.0009028 0.0104122 0.0000783 0.0169812 0.0111278 0.0049411 0.0108320 0.0074641 0.0111523 0.0000379 0.0029983 0.0003952
-0.0196312 0.0311716 0.0136607 -0.0173422 -0.0238663 0.0446569 -0.0177152 -0.0096398 -0.0218247 -0.0088478 0.0314387 0.0203646 0.0344153 -0.0240427 -0.0219878 0.0227212 -0.0232477 0.0360144 0.0145412 -0.0232082 0.0383575 0.0323199 0.0352881 -0.0201406 -0.0093492 -0.0000248 0.0000137 0.0011038 -0.0000063 0.0241696 0.0096628 0.0000200 0.0034002 1.0053216 0.0004302 0.0002696 0.0000213 0.0204161 0.0010520 0.0121670 0.0000902 0.0198306 0.0130037 0.0057725 0.0126692 0.0087169 0.0130358 0.0000456 0.0035039 0.0004642
-0.0021468 0.0034011 0.0014831 -0.0018989 -0.0026031 0.0048707 -0.0019347 -0.0010553 -0.0023910 -0.0009744 0.0034315 0.0022163 0.0037454 -0.0026424 -0.0024166 0.0024584 -0.0025551 0.0039363 0.0015752 -0.0025545 0.0041800 0.0035259 0.0038522 -0.0021982 -0.0010494 -0.0000025 0.0000014 0.0001201 -0.0000019 0.0026419 0.0010593 0.0000022 0.0003729 0.0004302 1.0004461 0.0000296 0.0000024 0.0022257 0.0001144 0.0013255 0.0000093 0.0021638 0.0014189 0.0006300 0.0013851 0.0009502 0.0014267 0.0000053 0.0003818 0.0000467
-0.0013173 0.0020967 0.0009188 -0.0011679 -0.0016108 0.0030032 -0.0011903 -0.0006498 -0.0014644 -0.0005880 0.0021160 0.0013605 0.0023105 -0.0016135 -0.0014836 0.0015382 -0.0015751 0.0024203 0.0009788 -0.0015608 0.0025867 0.0021715 0.0023665 -0.0013559 -0.0006349 -0.0000026 0.0000021 0.0000742 -0.0000011 0.0016266 0.0006499 0.0000027 0.0002306 0.0002696 0.0000296 1.0002620 0.0000018 0.0013711 0.0000730 0.0008189 0.0000078 0.0013334 0.0008739 0.0003887 0.0008506 0.0005850 0.0008806 0.0000025 0.0002345 0.0000335
-0.0001092 0.0001706 0.0000745 -0.0000950 -0.0001306 0.0002437 -0.0000964 -0.0000537 -0.0001214 -0.0000497 0.0001719 0.0001109 0.0001873 -0.0001329 -0.0001188 0.0001263 -0.0001279 0.0001959 0.0000782 -0.0001279 0.0002095 0.0001771 0.0001923 -0.0001125 -0.0000508 -0.0000004 0.0000003 0.0000058 -0.0000006 0.0001312 0.0000519 0.0000002 0.0000177 0.0000213 0.0000024 0.0000018 1.0000755 0.0001110 0.0000065 0.0000667 0.0000005 0.0001098 0.0000705 0.0000333 0.0000691 0.0000470 0.0000698 -0.0000001 0.0000188 0.0000028
-0.1006281 0.1602628 0.0698673 -0.0889674 -0.1218369 0.2283943 -0.0909583 -0.0493568 -0.1117177 -0.0451095 0.1616551 0.1042926 0.1765349 -0.1229800 -0.1125350 0.1160848 -0.1189749 0.1848577 0.0744550 -0.1184406 0.1964690 0.1661499 0.1812440 -0.1032333 -0.0479606 -0.0001129 0.0000702 0.0056856 -0.0000420 0.1242809 0.0497084 0.0001063 0.0174668 0.0204161 0.0022257 0.0013711 0.0001110 1.0696542 0.0054226 0.0625380 0.0004635 0.1020265 0.0668647 0.0296805 0.0651148 0.0447931 0.0670282 0.0002317 0.0180157 0.0023751
-0.0052208 0.0082833 0.0036247 -0.0046109 -0.0063476 0.0118688 -0.0047016 -0.0025612 -0.0058200 -0.0023623 0.0083524 0.0053934 0.0091377 -0.0064233 -0.0058523 0.0060237 -0.0061848 0.0095511 0.0038529 -0.0061989 0.0101863 0.0085859 0.0093773 -0.0053590 -0.0025236 -0.0000063 0.0000038 0.0002931 -0.0000017 0.0064242 0.0025696 0.0000058 0.0009028 0.0010520 0.0001144 0.0000730 0.0000065 0.0054226 1.0010194 0.0032264 0.0000235 0.0052748 0.0034526 0.0015314 0.0033634 0.0023202 0.0034639 0.0000120 0.0009325 0.0001234
-0.0601081 0.0954976 0.0416152 -0.0531070 -0.0729042 0.1363804 -0.0542794 -0.0295253 -0.0667142 -0.0270599 0.0962883 0.0622126 0.1051141 -0.0736213 -0.0672997 0.0691748 -0.0711253 0.1101867 0.0443264 -0.0708148 0.1172480 0.0989840 0.1080200 -0.0616051 -0.0286785 -0.0000673 0.0000406 0.0033850 -0.0000243 0.0740180 0.0296101 0.0000626 0.0104122 0.0121670 0.0013255 0.0008189 0.0000667 0.0625380 0.0032264 1.0290282 0.0002768 0.0608056 0.0398236 0.0176814 0.0387859 0.0266945 0.0399371 0.0001382 0.0107376 0.0014179
-0.0004450 0.0007069 0.0003100 -0.0003950 -0.0005430 0.0010143 -0.0004032 -0.0002194 -0.0004969 -0.0001985 0.0007134 0.0004605 0.0007822 -0.0005461 -0.0004995 0.0005189 -0.0005293 0.0008226 0.0003283 -0.0005278 0.0008724 0.0007338 0.0007994 -0.0004590 -0.0002128 -0.0000007 0.0000002 0.0000242 0.0000003 0.0005485 0.0002174 0.0000009 0.0000783 0.0000902 0.0000093 0.0000078 0.0000005 0.0004635 0.0000235 0.0002768 1.0001330 0.0004469 0.0002937 0.0001300 0.0002857 0.0001964 0.0002929 0.0000012 0.0000779 0.0000100
-0.0978587 0.1557429 0.0678562 -0.0864997 -0.1185038 0.2214732 -0.0884453 -0.0480929 -0.1086636 -0.0439499 0.1570218 0.1008829 0.1712624 -0.1196842 -0.1094035 0.1125872 -0.1156882 0.1795332 0.0721546 -0.1152478 0.1907605 0.1614341 0.1760682 -0.1004155 -0.0467356 -0.0001084 0.0000699 0.0055260 -0.0000417 0.1207454 0.0483091 0.0001009 0.0169812 0.0198306 0.0021638 0.0013334 0.0001098 0.1020265 0.0052748 0.0608056 0.0004469 1.0661639 0.0649685 0.0288532 0.0632892 0.0435340 0.0651300 0.0002253 0.0175208 0.0023060
-0.0642237 0.1020914 0.0445815 -0.0567607 -0.0779159 0.1457632 -0.0580033 -0.0315247 -0.0713077 -0.0288417 0.1029531 0.0665397 0.1124556 -0.0785775 -0.0718848 0.0740576 -0.0760257 0.1178098 0.0474738 -0.0757333 0.1252379 0.1058490 0.1154861 -0.0658951 -0.0306603 -0.0000758 0.0000461 0.0036161 -0.0000271 0.0791276 0.0316567 0.0000656 0.0111278 0.0130037 0.0014189 0.0008739 0.0000705 0.0668647 0.0034526 0.0398236 0.0002937 0.0649685 1.0323731 0.0189041 0.0414652 0.0285294 0.0426776 0.0001469 0.0114810 0.0015132
-0.0284884 0.0453433 0.0198343 -0.0251923 -0.0346037 0.0650817 -0.0257559 -0.0139696 -0.0316904 -0.0127685 0.0457459 0.0296458 0.0499560 -0.0348712 -0.0318740 0.0330975 -0.0337058 0.0523916 0.0211380 -0.0336124 0.0558491 0.0469957 0.0513836 -0.0292542 -0.0135478 -0.0000326 0.0000203 0.0016061 -0.0000103 0.0351389 0.0140409 0.0000283 0.0049411 0.0057725 0.0006300 0.0003887 0.0000333 0.0296805 0.0015314 0.0176814 0.0001300 0.0288532 0.0189041 1.0088253 0.0184109 0.0126611 0.0189586 0.0000652 0.0050978 0.0006708
-0.0624295 0.0994030 0.0434114 -0.0552347 -0.0758239 0.1421035 -0.0564441 -0.0305688 -0.0693870 -0.0279517 0.1002635 0.0648388 0.1095922 -0.0764475 -0.0699350 0.0723546 -0.0739246 0.1148035 0.0462636 -0.0736308 0.1221868 0.1030450 0.1125511 -0.0640927 -0.0297356 -0.0000710 0.0000440 0.0035290 -0.0000255 0.0770760 0.0308192 0.0000649 0.0108320 0.0126692 0.0013851 0.0008506 0.0000691 0.0651148 0.0033634 0.0387859 0.0002857 0.0632892 0.0414652 0.0184109 1.0305064 0.0278106 0.0415783 0.0001436 0.0111821 0.0014716
-0.0430491 0.0683809 0.0298753 -0.0380405 -0.0522457 0.0978959 -0.0388765 -0.0211407 -0.0478022 -0.0193454 0.0689969 0.0445442 0.0753418 -0.0527344 -0.0481101 0.0497832 -0.0510295 0.0789901 0.0318039 -0.0508097 0.0840238 0.0709034 0.0773966 -0.0441613 -0.0205912 -0.0000495 0.0000303 0.0024198 -0.0000183 0.0530305 0.0212056 0.0000434 0.0074641 0.0087169 0.0009502 0.0005850 0.0000470 0.0447931 0.0023202 0.0266945 0.0001964 0.0435340 0.0285294 0.0126611 0.0278106 1.0168790 0.0286006 0.0000983 0.0076863 0.0010145
-0.0643293 0.1023596 0.0446798 -0.0568810 -0.0780058 0.1463198 -0.0581167 -0.0314836 -0.0714414 -0.0288200 0.1032169 0.0666859 0.1127560 -0.0787885 -0.0719890 0.0743751 -0.0761554 0.1181077 0.0475809 -0.0757962 0.1257926 0.1060975 0.1158826 -0.0659898 -0.0306831 -0.0000719 0.0000448 0.0036302 -0.0000257 0.0793298 0.0317329 0.0000685 0.0111523 0.0130358 0.0014267 0.0008806 0.0000698 0.0670282 0.0034639 0.0399371 0.0002929 0.0651300 0.0426776 0.0189586 0.0415783 0.0286006 1.0324416 0.0001500 0.0115032 0.0015151
-0.0002225 0.0003537 0.0001559 -0.0001971 -0.0002691 0.0005098 -0.0002020 -0.0001091 -0.0002465 -0.0000983 0.0003561 0.0002328 0.0003911 -0.0002720 -0.0002479 0.0002621 -0.0002640 0.0004095 0.0001658 -0.0002618 0.0004369 0.0003663 0.0004007 -0.0002282 -0.0001043 -0.0000012 0.0000003 0.0000135 -0.0000003 0.0002739 0.0001088 0.0000004 0.0000379 0.0000456 0.0000053 0.0000025 -0.0000001 0.0002317 0.0000120 0.0001382 0.0000012 0.0002253 0.0001469 0.0000652 0.0001436 0.0000983 0.0001500 1.0000058 0.0000400 0.0000045
-0.0173215 0.0275235 0.0120132 -0.0153154 -0.0210255 0.0394988 -0.0156129 -0.0084916 -0.0192536 -0.0077638 0.0277424 0.0179564 0.0303157 -0.0212361 -0.0194168 0.0200645 -0.0205219 0.0317904 0.0128232 -0.0204515 0.0338779 0.0285327 0.0311747 -0.0177619 -0.0082514 -0.0000213 0.0000118 0.0009768 -0.0000053 0.0213140 0.0085269 0.0000173 0.0029983 0.0035039 0.0003818 0.0002345 0.0000188 0.0180157 0.0009325 0.0107376 0.0000779 0.0175208 0.0114810 0.0050978 0.0111821 0.0076863 0.0115032 0.0000400 1.0046588 0.0004124
-0.0022993 0.0036276 0.0015760 -0.0020245 -0.0028079 0.0051803 -0.0020659 -0.0011393 -0.0025447 -0.0010589 0.0036572 0.0023497 0.0039911 -0.0028246 -0.0025849 0.0026320 -0.0027306 0.0041805 0.0016735 -0.0027204 0.0044442 0.0037612 0.0041063 -0.0023562 -0.0011214 -0.0000042 0.0000019 0.0001271 -0.0000004 0.0028171 0.0011231 0.0000016 0.0003952 0.0004642 0.0000467 0.0000335 0.0000028 0.0023751 0.0001234 0.0014179 0.0000100 0.0023060 0.0015132 0.0006708 0.0014716 0.0010145 0.0015151 0.0000045 0.0004124 1.0005056
