1.0788047 0.0242913 0.0103253 0.0154688 -0.0068783 0.0189709 -0.0310755 0.0161983 -0.0383560 0.0110932 0.0046296 0.0062339 0.0251116 0.0157989 0.0177735 -0.0081967 0.0118012 0.2049306 -0.0392653 0.0113526 -0.0241554 -0.0422647 -0.0216078 -0.0412483 -0.0260958 -0.0037543 -0.0244475 -0.0129605 -0.0269360 0.0194355 -0.0236960 -0.0193102
0.0242913 1.2972579 0.0438742 0.0546931 0.0107755 0.0633350 -0.0666592 0.0558562 -0.0800763 0.0510461 0.0309013 0.0315645 0.0832240 0.0510648 0.0583104 -0.0032670 0.0519488 0.6598458 -0.0810540 0.0425170 -0.0575059 -0.0866023 -0.0527401 -0.0833195 -0.0595234 -0.0091821 -0.0526930 -0.0337718 -0.0537938 0.0635519 -0.0452578 -0.0339556
0.0103253 0.0438742 1.1211454 0.0303302 0.0011360 0.0362996 -0.0504349 0.0318256 -0.0594511 0.0262922 0.0123988 0.0155132 0.0471288 0.0291343 0.0332974 -0.0050817 0.0306657 0.3684248 -0.0590758 0.0217191 -0.0401706 -0.0675423 -0.0361885 -0.0620941 -0.0427145 -0.0066315 -0.0378929 -0.0215094 -0.0402957 0.0360537 -0.0378364 -0.0306615
0.0154688 0.0546931 0.0303302 1.1964738 0.0047233 0.0449959 -0.0514377 0.0393410 -0.0619924 0.0348618 0.0201427 0.0201612 0.0588942 0.0355857 0.0418790 -0.0055365 0.0349660 0.4644337 -0.0637048 0.0297457 -0.0430507 -0.0691666 -0.0396830 -0.0645249 -0.0461405 -0.0071239 -0.0404789 -0.0251962 -0.0431432 0.0449068 -0.0365801 -0.0285613
-0.0068783 0.0107755 0.0011360 0.0047233 0.9561133 0.0091175 -0.0397105 0.0089758 -0.0496479 0.0116039 -0.0020302 -0.0007850 0.0124515 0.0071971 0.0085552 -0.0122034 -0.0010388 0.0776258 -0.0518812 0.0020656 -0.0303245 -0.0571388 -0.0230873 -0.0524003 -0.0324686 -0.0035211 -0.0271489 -0.0121534 -0.0311609 0.0088371 -0.0348405 -0.0302727
0.0189709 0.0633350 0.0362996 0.0449959 0.0091175 1.2429204 -0.0540093 0.0455241 -0.0645124 0.0415688 0.0242296 0.0253823 0.0672739 0.0412936 0.0476408 -0.0027413 0.0421299 0.5360721 -0.0649901 0.0342784 -0.0458346 -0.0696092 -0.0424282 -0.0660432 -0.0475656 -0.0075665 -0.0426061 -0.0270695 -0.0432809 0.0518613 -0.0362758 -0.0274044
-0.0310755 -0.0666592 -0.0504349 -0.0514377 -0.0397105 -0.0540093 0.8667608 -0.0494519 0.0349690 -0.0582393 -0.0437722 -0.0413477 -0.0703431 -0.0426869 -0.0504988 -0.0300841 -0.0585879 -0.4890308 0.0309729 -0.0447299 0.0270658 0.0295395 0.0286452 0.0314236 0.0259700 0.0050571 0.0165401 0.0179524 0.0133838 -0.0542692 0.0064528 -0.0001775
0.0161983 0.0558562 0.0318256 0.0393410 0.0089758 0.0455241 -0.0494519 1.2064015 -0.0608053 0.0364337 0.0206742 0.0222648 0.0593491 0.0365255 0.0419187 -0.0032838 0.0362301 0.4736800 -0.0606635 0.0301447 -0.0423980 -0.0655725 -0.0392057 -0.0624797 -0.0448122 -0.0069498 -0.0399087 -0.0246097 -0.0411156 0.0453999 -0.0347451 -0.0263753
-0.0383560 -0.0800763 -0.0594511 -0.0619924 -0.0496479 -0.0645124 0.0349690 -0.0608053 0.8693271 -0.0704364 -0.0534073 -0.0502776 -0.0847866 -0.0520316 -0.0607610 -0.0382452 -0.0703461 -0.5712564 0.0738455 -0.0550268 0.0328196 0.0776163 0.0348067 0.0687179 0.0329200 0.0064982 0.0198396 0.0223438 0.0184225 -0.0663234 0.0089725 0.0009502
0.0110932 0.0510461 0.0262922 0.0348618 0.0116039 0.0415688 -0.0582393 0.0364337 -0.0704364 1.1267763 0.0150921 0.0166096 0.0547798 0.0327815 0.0404027 -0.0098446 0.0279945 0.4201365 -0.0710699 0.0251834 -0.0460117 -0.0789423 -0.0420277 -0.0733336 -0.0501504 -0.0077549 -0.0450684 -0.0256337 -0.0454652 0.0409912 -0.0441950 -0.0329806
0.0046296 0.0309013 0.0123988 0.0201427 -0.0020302 0.0242296 -0.0437722 0.0206742 -0.0534073 0.0150921 1.0601736 0.0063767 0.0331480 0.0195206 0.0221480 -0.0122533 0.0147782 0.2464440 -0.0555475 0.0136600 -0.0333245 -0.0626499 -0.0294274 -0.0567666 -0.0377021 -0.0050398 -0.0319266 -0.0183594 -0.0332535 0.0236883 -0.0342464 -0.0294995
0.0062339 0.0315645 0.0155132 0.0201612 -0.0007850 0.0253823 -0.0413477 0.0222648 -0.0502776 0.0166096 0.0063767 1.0788891 0.0339853 0.0203195 0.0239496 -0.0092878 0.0164184 0.2615119 -0.0511077 0.0156427 -0.0323105 -0.0566413 -0.0278897 -0.0524975 -0.0351914 -0.0046246 -0.0310221 -0.0162877 -0.0315767 0.0255457 -0.0315010 -0.0257117
0.0251116 0.0832240 0.0471288 0.0588942 0.0124515 0.0672739 -0.0703431 0.0593491 -0.0847866 0.0547798 0.0331480 0.0339853 1.3195392 0.0539834 0.0624673 -0.0030656 0.0545401 0.7040350 -0.0858533 0.0454758 -0.0601547 -0.0924719 -0.0563046 -0.0871719 -0.0630423 -0.0100693 -0.0559952 -0.0356409 -0.0575084 0.0675843 -0.0474450 -0.0350281
0.0157989 0.0510648 0.0291343 0.0355857 0.0071971 0.0412936 -0.0426869 0.0365255 -0.0520316 0.0327815 0.0195206 0.0203195 0.0539834 1.1967990 0.0383041 -0.0030177 0.0342987 0.4334496 -0.0534516 0.0276388 -0.0372021 -0.0572480 -0.0343117 -0.0543220 -0.0389242 -0.0061059 -0.0352367 -0.0218811 -0.0355824 0.0419880 -0.0295863 -0.0219822
0.0177735 0.0583104 0.0332974 0.0418790 0.0085552 0.0476408 -0.0504988 0.0419187 -0.0607610 0.0404027 0.0221480 0.0239496 0.0624673 0.0383041 1.2208548 -0.0024551 0.0401153 0.4990501 -0.0623607 0.0325016 -0.0428841 -0.0655767 -0.0400882 -0.0631343 -0.0448603 -0.0071556 -0.0406983 -0.0253366 -0.0411290 0.0480673 -0.0350227 -0.0258467
-0.0081967 -0.0032670 -0.0050817 -0.0055365 -0.0122034 -0.0027413 -0.0300841 -0.0032838 -0.0382452 -0.0098446 -0.0122533 -0.0092878 -0.0030656 -0.0030177 -0.0024551 0.9367644 -0.0074791 -0.0354657 -0.0400857 -0.0062855 -0.0181715 -0.0465854 -0.0134916 -0.0420968 -0.0202074 -0.0016952 -0.0197575 -0.0057925 -0.0202767 -0.0036300 -0.0262852 -0.0256083
0.0118012 0.0519488 0.0306657 0.0349660 -0.0010388 0.0421299 -0.0585879 0.0362301 -0.0703461 0.0279945 0.0147782 0.0164184 0.0545401 0.0342987 0.0401153 -0.0074791 1.1419450 0.4294856 -0.0694809 0.0255837 -0.0478301 -0.0787841 -0.0430617 -0.0731662 -0.0509447 -0.0075150 -0.0442504 -0.0259337 -0.0469593 0.0431123 -0.0431721 -0.0345860
0.2049306 0.6598458 0.3684248 0.4644337 0.0776258 0.5360721 -0.4890308 0.4736800 -0.5712564 0.4201365 0.2464440 0.2615119 0.7040350 0.4334496 0.4990501 -0.0354657 0.4294856 6.5543346 -0.5745093 0.3578727 -0.4406248 -0.6029272 -0.4209965 -0.5789449 -0.4565197 -0.0790001 -0.4128627 -0.2788595 -0.4197380 0.5417975 -0.3379871 -0.2468630
-0.0392653 -0.0810540 -0.0590758 -0.0637048 -0.0518812 -0.0649901 0.0309729 -0.0606635 0.0738455 -0.0710699 -0.0555475 -0.0511077 -0.0858533 -0.0534516 -0.0623607 -0.0400857 -0.0694809 -0.5745093 0.8721485 -0.0558817 0.0332754 0.0680100 0.0362772 0.0632568 0.0330773 0.0061119 0.0193296 0.0219278 0.0166044 -0.0662467 0.0087521 0.0016789
0.0113526 0.0425170 0.0217191 0.0297457 0.0020656 0.0342784 -0.0447299 0.0301447 -0.0550268 0.0251834 0.0136600 0.0156427 0.0454758 0.0276388 0.0325016 -0.0062855 0.0255837 0.3578727 -0.0558817 1.1307880 -0.0372675 -0.0619625 -0.0333713 -0.0577167 -0.0403575 -0.0059505 -0.0356307 -0.0206491 -0.0370016 0.0346675 -0.0349812 -0.0272472
-0.0241554 -0.0575059 -0.0401706 -0.0430507 -0.0303245 -0.0458346 0.0270658 -0.0423980 0.0328196 -0.0460117 -0.0333245 -0.0323105 -0.0601547 -0.0372021 -0.0428841 -0.0181715 -0.0478301 -0.4406248 0.0332754 -0.0372675 0.8649560 0.0311179 0.0379494 0.0323793 0.0458479 0.0046366 0.0205288 0.0175232 0.0207335 -0.0469470 0.0203434 0.0129607
-0.0422647 -0.0866023 -0.0675423 -0.0691666 -0.0571388 -0.0696092 0.0295395 -0.0655725 0.0776163 -0.0789423 -0.0626499 -0.0566413 -0.0924719 -0.0572480 -0.0655767 -0.0465854 -0.0787841 -0.6029272 0.0680100 -0.0619625 0.0311179 0.8826028 0.0349612 0.0565212 0.0298664 0.0061275 0.0141196 0.0215379 0.0114677 -0.0719184 0.0029114 -0.0038932
-0.0216078 -0.0527401 -0.0361885 -0.0396830 -0.0230873 -0.0424282 0.0286452 -0.0392057 0.0348067 -0.0420277 -0.0294274 -0.0278897 -0.0563046 -0.0343117 -0.0400882 -0.0134916 -0.0430617 -0.4209965 0.0362772 -0.0333713 0.0379494 0.0349612 0.8630989 0.0351721 0.0410589 0.0052333 0.0222294 0.0177591 0.0213838 -0.0436692 0.0218955 0.0139395
-0.0412483 -0.0833195 -0.0620941 -0.0645249 -0.0524003 -0.0660432 0.0314236 -0.0624797 0.0687179 -0.0733336 -0.0567666 -0.0524975 -0.0871719 -0.0543220 -0.0631343 -0.0420968 -0.0731662 -0.5789449 0.0632568 -0.0577167 0.0323793 0.0565212 0.0351721 0.8726978 0.0322405 0.0063262 0.0152447 0.0218023 0.0113382 -0.0679119 0.0040261 -0.0018261
-0.0260958 -0.0595234 -0.0427145 -0.0461405 -0.0324686 -0.0475656 0.0259700 -0.0448122 0.0329200 -0.0501504 -0.0377021 -0.0351914 -0.0630423 -0.0389242 -0.0448603 -0.0202074 -0.0509447 -0.4565197 0.0330773 -0.0403575 0.0458479 0.0298664 0.0410589 0.0322405 0.8604334 0.0046897 0.0205554 0.0180408 0.0182897 -0.0486572 0.0219587 0.0140505
-0.0037543 -0.0091821 -0.0066315 -0.0071239 -0.0035211 -0.0075665 0.0050571 -0.0069498 0.0064982 -0.0077549 -0.0050398 -0.0046246 -0.0100693 -0.0061059 -0.0071556 -0.0016952 -0.0075150 -0.0790001 0.0061119 -0.0059505 0.0046366 0.0061275 0.0052333 0.0063262 0.0046897 0.9671038 0.0054491 0.0040371 0.0060519 -0.0076653 0.0027092 0.0019458
-0.0244475 -0.0526930 -0.0378929 -0.0404789 -0.0271489 -0.0426061 0.0165401 -0.0399087 0.0198396 -0.0450684 -0.0319266 -0.0310221 -0.0559952 -0.0352367 -0.0406983 -0.0197575 -0.0442504 -0.4128627 0.0193296 -0.0356307 0.0205288 0.0141196 0.0222294 0.0152447 0.0205554 0.0054491 0.8641040 0.0214937 0.0361497 -0.0428249 0.0043249 0.0004219
-0.0129605 -0.0337718 -0.0215094 -0.0251962 -0.0121534 -0.0270695 0.0179524 -0.0246097 0.0223438 -0.0256337 -0.0183594 -0.0162877 -0.0356409 -0.0218811 -0.0253366 -0.0057925 -0.0259337 -0.2788595 0.0219278 -0.0206491 0.0175232 0.0215379 0.0177591 0.0218023 0.0180408 0.0040371 0.0214937 0.8892533 0.0214246 -0.0277426 0.0101722 0.0068698
-0.0269360 -0.0537938 -0.0402957 -0.0431432 -0.0311609 -0.0432809 0.0133838 -0.0411156 0.0184225 -0.0454652 -0.0332535 -0.0315767 -0.0575084 -0.0355824 -0.0411290 -0.0202767 -0.0469593 -0.4197380 0.0166044 -0.0370016 0.0207335 0.0114677 0.0213838 0.0113382 0.0182897 0.0060519 0.0361497 0.0214246 0.8605868 -0.0444464 0.0044601 -0.0029444
0.0194355 0.0635519 0.0360537 0.0449068 0.0088371 0.0518613 -0.0542692 0.0453999 -0.0663234 0.0409912 0.0236883 0.0255457 0.0675843 0.0419880 0.0480673 -0.0036300 0.0431123 0.5417975 -0.0662467 0.0346675 -0.0469470 -0.0719184 -0.0436692 -0.0679119 -0.0486572 -0.0076653 -0.0428249 -0.0277426 -0.0444464 1.2448262 -0.0375113 -0.0273435
-0.0236960 -0.0452578 -0.0378364 -0.0365801 -0.0348405 -0.0362758 0.0064528 -0.0347451 0.0089725 -0.0441950 -0.0342464 -0.0315010 -0.0474450 -0.0295863 -0.0350227 -0.0262852 -0.0431721 -0.3379871 0.0087521 -0.0349812 0.0203434 0.0029114 0.0218955 0.0040261 0.0219587 0.0027092 0.0043249 0.0101722 0.0044601 -0.0375113 0.8865016 0.0675054
-0.0193102 -0.0339556 -0.0306615 -0.0285613 -0.0302727 -0.0274044 -0.0001775 -0.0263753 0.0009502 -0.0329806 -0.0294995 -0.0257117 -0.0350281 -0.0219822 -0.0258467 -0.0256083 -0.0345860 -0.2468630 0.0016789 -0.0272472 0.0129607 -0.0038932 0.0139395 -0.0018261 0.0140505 0.0019458 0.0004219 0.0068698 -0.0029444 -0.0273435 0.0675054 0.9189851
