1.2523720 0.0649527 0.0352825 -0.2617140 -0.2733037 -0.2495017 -0.2483765 -0.2228860 -0.2548105
0.0649527 1.2178074 -0.0118657 -0.2511311 -0.2672305 -0.2269363 -0.2301769 -0.2103719 -0.2351955
0.0352825 -0.0118657 1.2230551 -0.2507528 -0.2701053 -0.2331032 -0.2252310 -0.2161790 -0.2490381
-0.2617140 -0.2511311 -0.2507528 0.9466877 0.0815389 0.0119641 0.0792875 0.0874570 0.0934787
-0.2733037 -0.2672305 -0.2701053 0.0815389 1.0463705 0.1048233 0.1384289 0.1315458 0.1573929
-0.2495017 -0.2269363 -0.2331032 0.0119641 0.1048233 0.9111143 0.0998199 0.0835278 0.1037268
-0.2483765 -0.2301769 -0.2252310 0.0792875 0.1384289 0.0998199 0.9883083 0.1190929 0.1334706
-0.2228860 -0.2103719 -0.2161790 0.0874570 0.1315458 0.0835278 0.1190929 0.9630991 0.1339580
-0.2548105 -0.2351955 -0.2490381 0.0934787 0.1573929 0.1037268 0.1334706 0.1339580 0.9854559
