3.8589177 -0.1095158 3.0036066 -0.2867286 -0.4313253 -0.3361833 0.2025903 -0.5006681 -0.4845926 -0.5126291 -0.3731877 0.0264707 -0.3310306 -0.3880377 -0.4956979 0.2128121 -0.5264882 0.3157064 -0.5282586 0.0878746 -0.4420687 -0.4705014 -0.4507895 -0.0191030 -0.2894615 -0.1032776 -0.5143006 -0.0391706 -0.3832978 -0.4887028 -0.3083552 -0.2640792 -0.1233022 -0.4385617 0.6302316 -0.5285918 -0.5072860 3.8589168 0.2988792 0.0385896 0.2348286 -0.2895602 -0.5730745 0.1087296 0.2090848 -0.5014203 -0.2877090 -0.1172133 -0.2902786 -0.4463871
-0.1095158 1.3847880 -0.1236971 -0.3677176 -0.0315769 -0.4172083 -0.2384930 -0.0432769 -0.0225762 -0.0482704 0.0588076 0.0767505 -0.3943925 -0.0434400 -0.0458965 -0.0784326 -0.0764680 -0.0060343 -0.0677067 0.4072345 -0.0368200 -0.0017890 -0.0306903 -0.1205411 -0.3704505 1.3763926 -0.0791816 0.3623743 0.0251525 -0.0077889 -0.3893848 -0.3597016 0.0026172 -0.0379160 -0.1979094 -0.0681237 -0.0388936 -0.1095157 0.0213151 0.4384764 0.0722479 -0.3851826 -0.1126098 0.0104108 -0.2319986 -0.0362337 -0.3621722 1.1106426 -0.3501095 -0.0102592
3.0036066 -0.1236971 3.2885840 -0.0229990 -0.4792000 -0.0723532 0.1379372 -0.4764967 -0.4604131 -0.4884577 -0.3910753 -0.0933467 -0.0495787 -0.4859048 -0.4716270 0.1238505 -0.4750433 0.0252829 -0.5040872 0.1282405 -0.4178335 -0.4463300 -0.4266180 -0.2268489 -0.0257319 -0.1174588 -0.4901117 -0.0532543 -0.4101323 -0.3955694 -0.0445251 -0.0002491 -0.3617431 -0.4864431 0.4840039 -0.5044180 -0.4831146 3.0036054 0.3225572 -0.0687914 0.2394590 -0.0257300 -0.5489032 0.0945484 0.1444316 -0.4714870 -0.0028324 -0.1313946 -0.0053025 -0.4010691
-0.2867286 -0.3677176 -0.0229990 2.4437799 -0.6722564 1.9241672 -0.2529236 -0.6816701 -0.6956539 -0.7346230 -0.6647649 -0.5826653 1.9747910 -0.7339283 -0.7186149 -0.0514377 -0.6927876 -0.0835763 -0.7117097 -0.3423490 -0.6813136 -0.6492692 -0.6768968 -0.6186723 1.9375216 -0.3761127 -0.6883394 -0.2904439 -0.6654624 -0.6893792 1.9542929 2.0271113 -0.5409058 -0.6799186 -0.0816949 -0.7408734 -0.6867197 -0.2867284 0.1214605 -0.3444950 0.1191920 2.4263129 -0.7072152 -0.0341713 -0.2716034 -0.7173544 2.4281642 -0.3900484 2.0155480 -0.6705043
-0.4313253 -0.0315769 -0.4792000 -0.6722564 1.6774586 -0.5808267 -0.6943159 0.3573944 0.3196358 0.3070881 0.3490142 0.0351247 -0.5521247 0.2958028 0.3376991 -0.3400367 0.3084896 -0.3750523 0.2739076 -0.0607550 0.2944525 0.3354066 0.3878597 0.1735263 -0.6482248 -0.0377894 0.2913134 -0.0324562 1.4338245 0.3665496 -0.5229700 -0.6452028 0.0956150 1.5251752 -0.4739950 0.3108434 0.3282034 -0.4313252 -0.3364812 0.0636919 -0.3733690 -0.6706837 0.3040271 -0.3256407 -0.6885280 0.3406824 -0.6856831 -0.0517251 -0.6589427 0.3551318
-0.3361833 -0.4172083 -0.0723532 1.9241672 -0.5808267 2.3636317 -0.3023424 -0.6031027 -0.6481352 -0.6542282 -0.7142555 -0.5011089 2.2049618 -0.6651042 -0.6414627 0.0187188 -0.5831743 -0.1330671 -0.6428690 -0.3918399 -0.6501175 -0.6554214 -0.6083412 -0.4817493 1.8762589 -0.4255674 -0.6047599 -0.3230416 -0.7148662 -0.6552842 2.0240095 1.9490738 -0.4953924 -0.5976325 -0.1311855 -0.6349455 -0.6063947 -0.3361832 0.0719698 -0.3939852 0.0697373 1.9235928 -0.5251442 -0.0836621 -0.3210220 -0.6143266 1.9085869 -0.4395030 2.1497493 -0.6137010
0.2025903 -0.2384930 0.1379372 -0.2529236 -0.6943159 -0.3023424 5.6709232 -0.6438866 -0.6612795 -0.6350701 -0.5878100 0.0587739 -0.2795890 -0.7650771 -0.4634739 1.5421363 -0.6781955 0.1557886 -0.7069927 0.0579721 -0.6731970 -0.6692381 -0.6918498 -0.0859488 -0.0709355 -0.2176214 -0.6853690 0.0538049 -0.5222228 -0.7041334 -0.2131808 -0.2156383 0.2842834 -0.6841080 2.1050715 -0.7046698 -0.7083371 0.2025905 -0.0232509 -0.0237632 0.1128558 -0.2411193 -0.5493730 0.2263527 5.6648316 -0.6400693 -0.2181090 -0.1272058 -0.2353156 -0.6950800
-0.5006681 -0.0432769 -0.4764967 -0.6816701 0.3573944 -0.6031027 -0.6438866 0.7854055 0.5219911 0.4229004 0.3857341 0.2238307 -0.6156144 0.4168260 0.5586533 -0.4189266 0.5177653 -0.3333018 0.5945717 -0.0240685 0.4190697 0.6334806 0.4484759 0.4250830 -0.6624281 -0.0399504 0.6315479 -0.0398385 0.2459969 0.3723886 -0.5907161 -0.6450758 0.2201659 0.3918602 -0.5042971 0.5515912 0.6447811 -0.5006680 -0.3433185 -0.0200475 -0.3706594 -0.6705568 0.6898374 -0.3376993 -0.6390830 0.4736692 -0.6855628 -0.0538861 -0.6683631 0.4647807
-0.4845926 -0.0225762 -0.4604131 -0.6956539 0.3196358 -0.6481352 -0.6612795 0.5219911 0.7151141 0.5485028 0.4064270 0.2391699 -0.6671988 0.5349128 0.5562238 -0.4301153 0.6251740 -0.3444984 0.6560549 -0.0033679 0.4948526 0.5243731 0.4466426 0.3022011 -0.6883075 -0.0190023 0.5635976 -0.0192070 0.2666285 0.4925227 -0.6480600 -0.6588120 0.2660009 0.3475567 -0.4884691 0.6617100 0.5839242 -0.4845924 -0.3274823 0.0006367 -0.3545834 -0.6842930 0.6085421 -0.3492044 -0.6555591 0.5093959 -0.6992909 -0.0329380 -0.6823387 0.4126566
-0.5126291 -0.0482704 -0.4884577 -0.7346230 0.3070881 -0.6542282 -0.6350701 0.4229004 0.5485028 0.9154294 0.5589092 0.1999622 -0.6696571 0.7496112 0.4731163 -0.4558088 0.5687452 -0.4187652 0.5768242 -0.0290616 0.6545784 0.3998461 0.6344911 0.2701692 -0.7284033 -0.0470470 0.5420441 -0.0958329 0.2385790 0.6580890 -0.6436068 -0.7001322 0.2462563 0.3526933 -0.5627359 0.6138428 0.4805138 -0.5126289 -0.3531760 -0.0250489 -0.3826204 -0.7256131 0.5379297 -0.4234794 -0.6311154 0.7505396 -0.7406191 -0.0609827 -0.7213159 0.6155330
-0.3731877 0.0588076 -0.3910753 -0.6647649 0.3490142 -0.7142555 -0.5878100 0.3857341 0.4064270 0.5589092 0.7170767 0.1524627 -0.7090714 0.5637411 0.3830277 -0.2465791 0.3525500 -0.3116858 0.3613068 0.0780180 0.5703805 0.4272128 0.5764889 0.2041074 -0.6674978 0.0504359 0.3497958 -0.0152072 0.3360158 0.5849695 -0.6864329 -0.6567279 0.1241707 0.3426919 -0.3535063 0.3608797 0.3901087 -0.3731875 -0.2460964 0.0820301 -0.2851375 -0.6822088 0.3164037 -0.3163998 -0.5813156 0.5709488 -0.6803576 0.0365001 -0.6683148 0.5757568
0.0264707 0.0767505 -0.0933467 -0.5826653 0.0351247 -0.5011089 0.0587739 0.2238307 0.2391699 0.1999622 0.1524627 1.1890256 -0.5849695 0.1292185 0.2420785 0.1550403 0.2681296 -0.0957860 0.2513362 -0.0066254 0.1327361 0.1962599 0.0793013 0.3712292 -0.5366876 0.0785564 0.2621834 -0.0197955 0.1247901 0.0991725 -0.4829983 -0.5480916 0.2624027 0.0061059 0.0364317 0.3356007 0.1934728 0.0264708 -0.1900980 0.0307489 -0.1465557 -0.5735725 0.2859105 -0.0972836 0.0630714 0.1401143 -0.5856606 0.0828807 -0.5674394 0.1300951
-0.3310306 -0.3943925 -0.0495787 1.9747910 -0.5521247 2.2049618 -0.2795890 -0.6156144 -0.6671988 -0.6696571 -0.7090714 -0.5849695 2.3728139 -0.6819122 -0.6757749 -0.0781125 -0.6405518 -0.1278830 -0.6594774 -0.3690240 -0.6749496 -0.6490523 -0.5853353 -0.5738927 1.9269689 -0.4027829 -0.6162580 -0.3002595 -0.6920816 -0.6267779 2.0549793 1.9996665 -0.5639660 -0.6566528 -0.1260015 -0.6886412 -0.6455420 -0.3310304 0.0947856 -0.3888012 0.0756900 1.9741855 -0.6316898 -0.0608463 -0.2982687 -0.6309948 1.9768112 -0.4167186 2.2180040 -0.6044522
-0.3880377 -0.0434400 -0.4859048 -0.7339283 0.2958028 -0.6651042 -0.7650771 0.4168260 0.5349128 0.7496112 0.5637411 0.1292185 -0.6819122 0.9571454 0.4674875 -0.4509781 0.5641156 -0.2918961 0.6164994 -0.0242309 0.7111224 0.3682018 0.6107583 0.1634442 -0.7149121 -0.0444940 0.5322734 -0.0932799 0.2411368 0.6629486 -0.6863478 -0.7017152 0.2495874 0.3342970 -0.4358668 0.5692247 0.4510969 -0.3880375 -0.3483452 -0.0202181 -0.3800674 -0.7271962 0.5419478 -0.4186486 -0.7594584 0.7492560 -0.7422022 -0.0584297 -0.7206212 0.5687913
-0.4956979 -0.0458965 -0.4716270 -0.7186149 0.3376991 -0.6414627 -0.4634739 0.5586533 0.5562238 0.4731163 0.3830277 0.2420785 -0.6757749 0.4674875 0.8868430 -0.4534373 0.6629556 -0.3678126 0.6486533 -0.0266902 0.4174230 0.5545096 0.3840476 0.3508736 -0.6360003 -0.0301157 0.6292591 -0.0471774 0.2553595 0.4153732 -0.6361750 -0.6864212 0.2960106 0.2882547 -0.5117832 0.6861264 0.6155263 -0.4956978 -0.3508045 -0.0226780 -0.3656891 -0.7119022 0.5865854 -0.3725268 -0.4578780 0.4257470 -0.7100512 -0.0440515 -0.7221648 0.3900136
0.2128121 -0.0784326 0.1238505 -0.0514377 -0.3400367 0.0187188 1.5421363 -0.4189266 -0.4301153 -0.4558088 -0.2465791 0.1550403 -0.0781125 -0.4509781 -0.4534373 2.6561387 -0.4840016 0.4877085 -0.4752459 -0.0137636 -0.3964216 -0.3823020 -0.3632648 -0.0948770 0.0396762 -0.0868277 -0.4612060 0.0711230 -0.3103342 -0.4153271 -0.0731058 -0.0434242 -0.1509922 -0.3463621 1.3363609 -0.4756629 -0.4194067 0.2128122 0.2345510 -0.0043165 0.2260822 -0.0689050 -0.3696716 0.5041535 1.5486307 -0.4437598 -0.0458948 -0.1007634 -0.0338296 -0.3344194
-0.5264882 -0.0764680 -0.4750433 -0.6927876 0.3084896 -0.5831743 -0.6781955 0.5177653 0.6251740 0.5687452 0.3525500 0.2681296 -0.6405518 0.5641156 0.6629556 -0.4840016 0.7961577 -0.3983840 0.7258955 -0.0299881 0.4756449 0.5113034 0.4208529 0.3241640 -0.6865762 -0.0609060 0.6374732 -0.0611108 0.2247141 0.5088747 -0.6043067 -0.6439559 0.2944966 0.3170470 -0.5150812 0.7697483 0.5932770 -0.5264881 -0.3541025 -0.0532489 -0.3692059 -0.6694368 0.6553898 -0.4030981 -0.6842881 0.5273326 -0.6844429 -0.0748418 -0.6794806 0.3618661
0.3157064 -0.0060343 0.0252829 -0.0835763 -0.3750523 -0.1330671 0.1557886 -0.3333018 -0.3444984 -0.4187652 -0.3116858 -0.0957860 -0.1278830 -0.2918961 -0.3678126 0.4877085 -0.3983840 2.3921151 -0.3896210 -0.0352129 -0.3593780 -0.2966771 -0.3262210 -0.2257819 -0.0863092 -0.0144294 -0.3755849 0.1501873 -0.1857350 -0.3927065 -0.1052445 -0.0755628 -0.1168900 -0.3813846 0.4327097 -0.3900380 -0.3337817 0.3157066 0.9759426 0.0171883 0.9962770 -0.1010437 -0.4074983 2.1323059 0.1622830 -0.4067284 -0.0991926 0.0759862 -0.0871263 -0.3185342
-0.5282586 -0.0677067 -0.5040872 -0.7117097 0.2739076 -0.6428690 -0.7069927 0.5945717 0.6560549 0.5768242 0.3613068 0.2513362 -0.6594774 0.6164994 0.6486533 -0.4752459 0.7258955 -0.3896210 0.8295633 -0.0484986 0.5301186 0.5513940 0.4237092 0.3506118 -0.7054616 -0.0626765 0.7286813 -0.0628812 0.2229543 0.4866160 -0.6641119 -0.6734114 0.2830130 0.3232777 -0.5335916 0.7635315 0.6333420 -0.5282584 -0.3726129 -0.0444858 -0.3982498 -0.6988924 0.7332885 -0.3943351 -0.7005313 0.5759292 -0.7138984 -0.0766122 -0.6984027 0.3682417
0.0878746 0.4072345 0.1282405 -0.3423490 -0.0607550 -0.3918399 0.0579721 -0.0240685 -0.0033679 -0.0290616 0.0780180 -0.0066254 -0.3690240 -0.0242309 -0.0266902 -0.0137636 -0.0299881 -0.0352129 -0.0484986 1.0136110 -0.0175493 0.0174205 -0.0114810 -0.1120542 -0.2512352 0.3988393 -0.0599521 0.4270399 -0.0040277 0.0659674 -0.3640173 -0.3343355 -0.0811487 -0.0670940 0.0148103 -0.0489133 -0.0196842 0.0878748 0.0466836 0.4092978 0.0976140 -0.3598165 -0.0934004 -0.0187678 0.0644666 -0.0112621 -0.3368062 0.3849036 -0.3247409 0.0089508
-0.4420687 -0.0368200 -0.4178335 -0.6813136 0.2944525 -0.6501175 -0.6731970 0.4190697 0.4948526 0.6545784 0.5703805 0.1327361 -0.6749496 0.7111224 0.4174230 -0.3964216 0.4756449 -0.3593780 0.5301186 -0.0175493 0.8142692 0.3928526 0.6307133 0.1915502 -0.6691339 -0.0244253 0.4824491 -0.0732112 0.2612055 0.6694245 -0.6531495 -0.6356496 0.1793214 0.3373113 -0.5032848 0.4721229 0.4205514 -0.4420686 -0.2937248 -0.0136004 -0.3119962 -0.6611305 0.4937291 -0.3640921 -0.6667709 0.6599500 -0.6761366 -0.0383610 -0.6680066 0.6110656
-0.4705014 -0.0017890 -0.4463300 -0.6492692 0.3354066 -0.6554214 -0.6692381 0.6334806 0.5243731 0.3998461 0.4272128 0.1962599 -0.6490523 0.3682018 0.5545096 -0.3823020 0.5113034 -0.2966771 0.5513940 0.0174205 0.3928526 0.6908139 0.4571604 0.3648147 -0.6371421 -0.0049193 0.5479072 -0.0051240 0.2807114 0.3881291 -0.6263945 -0.6191328 0.2069742 0.3816389 -0.4676726 0.5515631 0.6476535 -0.4705012 -0.3066939 0.0214332 -0.3404927 -0.6446137 0.5750276 -0.3013913 -0.6629396 0.3983017 -0.6596198 -0.0188550 -0.6359622 0.4340710
-0.4507895 -0.0306903 -0.4266180 -0.6768968 0.3878597 -0.6083412 -0.6918498 0.4484759 0.4466426 0.6344911 0.5764889 0.0793013 -0.5853353 0.6107583 0.3840476 -0.3632648 0.4208529 -0.3262210 0.4237092 -0.0114810 0.6307133 0.4571604 0.8190871 0.2027469 -0.6564215 -0.0331460 0.3718407 -0.0819320 0.2524847 0.6563680 -0.5660873 -0.6460856 0.1087370 0.4159396 -0.4972165 0.4238364 0.5098661 -0.4507894 -0.2876565 -0.0074682 -0.3207807 -0.6715667 0.4316277 -0.3309352 -0.6862626 0.6412400 -0.6865727 -0.0470818 -0.6635897 0.6630993
-0.0191030 -0.1205411 -0.2268489 -0.6186723 0.1735263 -0.4817493 -0.0859488 0.4250830 0.3022011 0.2701692 0.2041074 0.3712292 -0.5738927 0.1634442 0.3508736 -0.0948770 0.3241640 -0.2257819 0.3506118 -0.1120542 0.1915502 0.3648147 0.2027469 1.0782957 -0.6206772 -0.1150160 0.4351014 -0.1351431 0.1391962 0.1952003 -0.5494068 -0.5801516 0.3827285 0.2045613 -0.1568448 0.3964333 0.3727075 -0.0191028 -0.1752692 -0.0771500 -0.2029774 -0.6056326 0.4387435 -0.2316076 -0.0829524 0.2269956 -0.6203650 -0.1282685 -0.6056369 0.2459771
-0.2894615 -0.3704505 -0.0257319 1.9375216 -0.6482248 1.8762589 -0.0709355 -0.6624281 -0.6883075 -0.7284033 -0.6674978 -0.5366876 1.9269689 -0.7149121 -0.6360003 0.0396762 -0.6865762 -0.0863092 -0.7054616 -0.2512352 -0.6691339 -0.6371421 -0.6564215 -0.6206772 2.3115234 -0.3788456 -0.6789891 0.0127487 -0.6681952 -0.7083780 1.9064716 1.9455351 -0.5513703 -0.6820322 0.0094190 -0.7345797 -0.6670229 -0.2894613 0.1187276 -0.3472279 0.1164590 1.9200542 -0.6980672 -0.0369042 -0.0896152 -0.7107281 1.9219053 -0.1807025 1.9339716 -0.6395680
-0.1032776 1.3763926 -0.1174588 -0.3761127 -0.0377894 -0.4255674 -0.2176214 -0.0399504 -0.0190023 -0.0470470 0.0504359 0.0785564 -0.4027829 -0.0444940 -0.0301157 -0.0868277 -0.0609060 -0.0144294 -0.0626765 0.3988393 -0.0244253 -0.0049193 -0.0331460 -0.1150160 -0.3788456 1.3826312 -0.0742328 0.3686125 0.0313907 -0.0086976 -0.3977385 -0.3534634 0.0074130 -0.0450323 -0.2063045 -0.0630096 -0.0417038 -0.1032774 0.0129199 0.4300812 0.0784862 -0.3789443 -0.1074935 0.0020156 -0.2111269 -0.0358382 -0.3559340 1.1168808 -0.3585046 -0.0159987
-0.5143006 -0.0791816 -0.4901117 -0.6883394 0.2913134 -0.6047599 -0.6853690 0.6315479 0.5635976 0.5420441 0.3497958 0.2621834 -0.6162580 0.5322734 0.6292591 -0.4612060 0.6374732 -0.3755849 0.7286813 -0.0599521 0.4824491 0.5479072 0.3718407 0.4351014 -0.6789891 -0.0742328 0.8655046 -0.0744374 0.2113605 0.4486827 -0.6460027 -0.6501228 0.3247957 0.3104173 -0.5195308 0.7171664 0.5867330 -0.5143005 -0.3585559 -0.0559607 -0.3842743 -0.6756037 0.6985462 -0.3802990 -0.6826550 0.5227309 -0.6906095 -0.0881686 -0.6750326 0.4261828
-0.0391706 0.3623743 -0.0532543 -0.2904439 -0.0324562 -0.3230416 0.0538049 -0.0398385 -0.0192070 -0.0958329 -0.0152072 -0.0197955 -0.3002595 -0.0932799 -0.0471774 0.0711230 -0.0611108 0.1501873 -0.0628812 0.4270399 -0.0732112 -0.0051240 -0.0819320 -0.1351431 0.0127487 0.3686125 -0.0744374 0.9912696 0.0199145 -0.0574856 -0.2952135 -0.2509374 -0.0844607 -0.0396991 0.0002304 -0.0632143 -0.0419085 -0.0391704 -0.0041146 0.3644388 0.0614545 -0.2764184 -0.1076938 0.2207484 0.0602994 -0.0847379 -0.2702682 0.5667555 -0.2559819 -0.0647877
-0.3832978 0.0251525 -0.4101323 -0.6654624 1.4338245 -0.7148662 -0.5222228 0.2459969 0.2666285 0.2385790 0.3360158 0.1247901 -0.6920816 0.2411368 0.2553595 -0.3103342 0.2247141 -0.1857350 0.2229543 -0.0040277 0.2612055 0.2807114 0.2524847 0.1391962 -0.6681952 0.0313907 0.2113605 0.0199145 1.7781702 0.2769331 -0.6870381 -0.6427622 0.1097122 1.4265937 -0.3440339 0.2226110 0.2439269 -0.3832977 -0.2797539 0.1936526 -0.2299952 -0.6682432 0.1781403 -0.1151709 -0.5157284 0.2497917 -0.6452836 0.0174550 -0.6478035 0.2696320
-0.4887028 -0.0077889 -0.3955694 -0.6893792 0.3665496 -0.6552842 -0.7041334 0.3723886 0.4925227 0.6580890 0.5849695 0.0991725 -0.6267779 0.6629486 0.4153732 -0.4153271 0.5088747 -0.3927065 0.4866160 0.0659674 0.6694245 0.3881291 0.6563680 0.1952003 -0.7083780 -0.0086976 0.4486827 -0.0574856 0.2769331 0.8626959 -0.6128206 -0.6570208 0.1943787 0.3677031 -0.4821301 0.4868256 0.4320803 -0.4887027 -0.2581470 0.0010098 -0.3034926 -0.6825018 0.4332334 -0.3829975 -0.6983871 0.6202692 -0.6830846 -0.0226333 -0.6616496 0.5803534
-0.3083552 -0.3893848 -0.0445251 1.9542929 -0.5229700 2.0240095 -0.2131808 -0.5907161 -0.6480600 -0.6436068 -0.6864329 -0.4829983 2.0549793 -0.6863478 -0.6361750 -0.0731058 -0.6043067 -0.1052445 -0.6641119 -0.3640173 -0.6531495 -0.6263945 -0.5660873 -0.5494068 1.9064716 -0.3977385 -0.6460027 -0.2952135 -0.6870381 -0.6128206 2.1491842 1.9792051 -0.4746712 -0.6651937 -0.1033631 -0.6560909 -0.6264486 -0.3083551 0.0997923 -0.3661627 0.0975653 1.9537241 -0.6033912 -0.0558395 -0.2318605 -0.6698684 1.9387183 -0.4116741 1.9676000 -0.6195138
-0.2640792 -0.3597016 -0.0002491 2.0271113 -0.6452028 1.9490738 -0.2156383 -0.6450758 -0.6588120 -0.7001322 -0.6567279 -0.5480916 1.9996665 -0.7017152 -0.6864212 -0.0434242 -0.6439559 -0.0755628 -0.6734114 -0.3343355 -0.6356496 -0.6191328 -0.6460856 -0.5801516 1.9455351 -0.3534634 -0.6501228 -0.2509374 -0.6427622 -0.6570208 1.9792051 2.0666173 -0.5196976 -0.6537688 -0.0736814 -0.7024912 -0.6562631 -0.2640790 0.1294740 -0.3364809 0.1418414 2.0411370 -0.6688309 -0.0261578 -0.2343180 -0.6838053 2.0261309 -0.3673990 2.0404184 -0.6429777
-0.1233022 0.0026172 -0.3617431 -0.5409058 0.0956150 -0.4953924 0.2842834 0.2201659 0.2660009 0.2462563 0.1241707 0.2624027 -0.5639660 0.2495874 0.2960106 -0.1509922 0.2944966 -0.1168900 0.2830130 -0.0811487 0.1793214 0.2069742 0.1087370 0.3827285 -0.5513703 0.0074130 0.3247957 -0.0844607 0.1097122 0.1943787 -0.4746712 -0.5196976 1.1313783 0.0971698 0.0456724 0.3588964 0.2219188 -0.1233021 -0.1458135 -0.0475029 -0.1739955 -0.5451786 0.2899231 -0.1555096 0.2870223 0.1329556 -0.5433257 -0.0820784 -0.5444509 0.1446276
-0.4385617 -0.0379160 -0.4864431 -0.6799186 1.5251752 -0.5976325 -0.6841080 0.3918602 0.3475567 0.3526933 0.3426919 0.0061059 -0.6566528 0.3342970 0.2882547 -0.3463621 0.3170470 -0.3813846 0.3232777 -0.0670940 0.3373113 0.3816389 0.4159396 0.2045613 -0.6820322 -0.0450323 0.3104173 -0.0396991 1.4265937 0.3677031 -0.6651937 -0.6537688 0.0971698 1.6469830 -0.4803274 0.3241966 0.4090551 -0.4385616 -0.3428202 0.0573596 -0.3806057 -0.6792498 0.3638030 -0.3319798 -0.6777849 0.3983399 -0.6942558 -0.0589680 -0.6666114 0.3831400
0.6302316 -0.1979094 0.4840039 -0.0816949 -0.4739950 -0.1311855 2.1050715 -0.5042971 -0.4884691 -0.5627359 -0.3535063 0.0364317 -0.1260015 -0.4358668 -0.5117832 1.3363609 -0.5150812 0.4327097 -0.5335916 0.0148103 -0.5032848 -0.4676726 -0.4972165 -0.1568448 0.0094190 -0.2063045 -0.5195308 0.0002304 -0.3440339 -0.4821301 -0.1033631 -0.0736814 0.0456724 -0.4803274 3.0914183 -0.5340064 -0.5047773 0.6302305 0.1459506 0.0445850 0.2606716 -0.0991623 -0.5784924 0.3587898 2.1115661 -0.5449364 -0.0973112 -0.1158890 -0.0852448 -0.4895297
-0.5285918 -0.0681237 -0.5044180 -0.7408734 0.3108434 -0.6349455 -0.7046698 0.5515912 0.6617100 0.6138428 0.3608797 0.3356007 -0.6886412 0.5692247 0.6861264 -0.4756629 0.7697483 -0.3900380 0.7635315 -0.0489133 0.4721229 0.5515631 0.4238364 0.3964333 -0.7345797 -0.0630096 0.7171664 -0.0632143 0.2226110 0.4868256 -0.6560909 -0.7024912 0.3588964 0.3241966 -0.5340064 0.8616548 0.6333910 -0.5285916 -0.3730277 -0.0449029 -0.3985807 -0.7279721 0.6872238 -0.3947521 -0.6990561 0.5237737 -0.7429782 -0.0769453 -0.7275664 0.4141658
-0.5072860 -0.0388936 -0.4831146 -0.6867197 0.3282034 -0.6063947 -0.7083371 0.6447811 0.5839242 0.4805138 0.3901087 0.1934728 -0.6455420 0.4510969 0.6155263 -0.4194067 0.5932770 -0.3337817 0.6333420 -0.0196842 0.4205514 0.6476535 0.5098661 0.3727075 -0.6670229 -0.0417038 0.5867330 -0.0419085 0.2439269 0.4320803 -0.6264486 -0.6562631 0.2219188 0.4090551 -0.5047773 0.6333910 0.7354917 -0.5072858 -0.3437985 -0.0156714 -0.3772772 -0.6817441 0.6497611 -0.3384959 -0.7018995 0.4553351 -0.6967501 -0.0556396 -0.6734126 0.4572932
3.8589168 -0.1095157 3.0036054 -0.2867284 -0.4313252 -0.3361832 0.2025905 -0.5006680 -0.4845924 -0.5126289 -0.3731875 0.0264708 -0.3310304 -0.3880375 -0.4956978 0.2128122 -0.5264881 0.3157066 -0.5282584 0.0878748 -0.4420686 -0.4705012 -0.4507894 -0.0191028 -0.2894613 -0.1032774 -0.5143005 -0.0391704 -0.3832977 -0.4887027 -0.3083551 -0.2640790 -0.1233021 -0.4385616 0.6302305 -0.5285916 -0.5072858 3.8589170 0.2988794 0.0385885 0.2348288 -0.2895600 -0.5730745 0.1087285 0.2090849 -0.5014201 -0.2877089 -0.1172132 -0.2902785 -0.4463869
0.2988792 0.0213151 0.3225572 0.1214605 -0.3364812 0.0719698 -0.0232509 -0.3433185 -0.3274823 -0.3531760 -0.2460964 -0.1900980 0.0947856 -0.3483452 -0.3508045 0.2345510 -0.3541025 0.9759426 -0.3726129 0.0466836 -0.2937248 -0.3066939 -0.2876565 -0.1752692 0.1187276 0.0129199 -0.3585559 -0.0041146 -0.2797539 -0.2581470 0.0997923 0.1294740 -0.1458135 -0.3428202 0.1459506 -0.3730277 -0.3437985 0.2988794 1.6141446 0.0233785 1.3813220 0.1039931 -0.4175150 0.8593307 -0.0167565 -0.3353764 0.1270034 -0.0010158 0.1390686 -0.2588111
0.0385896 0.4384764 -0.0687914 -0.3444950 0.0636919 -0.3939852 -0.0237632 -0.0200475 0.0006367 -0.0250489 0.0820301 0.0307489 -0.3888012 -0.0202181 -0.0226780 -0.0043165 -0.0532489 0.0171883 -0.0444858 0.4092978 -0.0136004 0.0214332 -0.0074682 -0.0771500 -0.3472279 0.4300812 -0.0559607 0.3644388 0.1936526 0.0010098 -0.3661627 -0.3364809 -0.0475029 0.0573596 0.0445850 -0.0449029 -0.0156714 0.0385885 0.0233785 0.8494954 0.1888946 -0.3619618 -0.0893889 0.0653067 -0.0172688 0.0389199 -0.3601113 0.4161455 -0.3480444 -0.0081950
0.2348286 0.0722479 0.2394590 0.1191920 -0.3733690 0.0697373 0.1128558 -0.3706594 -0.3545834 -0.3826204 -0.2851375 -0.1465557 0.0756900 -0.3800674 -0.3656891 0.2260822 -0.3692059 0.9962770 -0.3982498 0.0976140 -0.3119962 -0.3404927 -0.3207807 -0.2029774 0.1164590 0.0784862 -0.3842743 0.0614545 -0.2299952 -0.3034926 0.0975653 0.1418414 -0.1739955 -0.3806057 0.2606716 -0.3985807 -0.3772772 0.2348288 1.3813220 0.1888946 1.6220130 0.1163604 -0.4430659 0.8594662 0.1193502 -0.3656489 0.1191715 0.0645505 0.1166020 -0.3154182
-0.2895602 -0.3851826 -0.0257300 2.4263129 -0.6706837 1.9235928 -0.2411193 -0.6705568 -0.6842930 -0.7256131 -0.6822088 -0.5735725 1.9741855 -0.7271962 -0.7119022 -0.0689050 -0.6694368 -0.1010437 -0.6988924 -0.3598165 -0.6611305 -0.6446137 -0.6715667 -0.6056326 1.9200542 -0.3789443 -0.6756037 -0.2764184 -0.6682432 -0.6825018 1.9537241 2.0411370 -0.5451786 -0.6792498 -0.0991623 -0.7279721 -0.6817441 -0.2895600 0.1039931 -0.3619618 0.1163604 2.4403381 -0.6943119 -0.0516388 -0.2597990 -0.7092863 2.4253325 -0.3928800 2.0149376 -0.6684587
-0.5730745 -0.1126098 -0.5489032 -0.7072152 0.3040271 -0.5251442 -0.5493730 0.6898374 0.6085421 0.5379297 0.3164037 0.2859105 -0.6316898 0.5419478 0.5865854 -0.3696716 0.6553898 -0.4074983 0.7332885 -0.0934004 0.4937291 0.5750276 0.4316277 0.4387435 -0.6980672 -0.1074935 0.6985462 -0.1076938 0.1781403 0.4332334 -0.6033912 -0.6688309 0.2899231 0.3638030 -0.5784924 0.6872238 0.6497611 -0.5730745 -0.4175150 -0.0893889 -0.4430659 -0.6943119 1.0153650 -0.4122092 -0.5473382 0.5338407 -0.7093179 -0.1214292 -0.6939082 0.4110254
0.1087296 0.0104108 0.0945484 -0.0341713 -0.3256407 -0.0836621 0.2263527 -0.3376993 -0.3492044 -0.4234794 -0.3163998 -0.0972836 -0.0608463 -0.4186486 -0.3725268 0.5041535 -0.4030981 2.1323059 -0.3943351 -0.0187678 -0.3640921 -0.3013913 -0.3309352 -0.2316076 -0.0369042 0.0020156 -0.3802990 0.2207484 -0.1151709 -0.3829975 -0.0558395 -0.0261578 -0.1555096 -0.3319798 0.3587898 -0.3947521 -0.3384959 0.1087285 0.8593307 0.0653067 0.8594662 -0.0516388 -0.4122092 2.2557025 0.2328472 -0.4114425 -0.0286285 0.0924312 -0.0165633 -0.3020898
0.2090848 -0.2319986 0.1444316 -0.2716034 -0.6885280 -0.3210220 5.6648316 -0.6390830 -0.6555591 -0.6311154 -0.5813156 0.0630714 -0.2982687 -0.7594584 -0.4578780 1.5486307 -0.6842881 0.1622830 -0.7005313 0.0644666 -0.6667709 -0.6629396 -0.6862626 -0.0829524 -0.0896152 -0.2111269 -0.6826550 0.0602994 -0.5157284 -0.6983871 -0.2318605 -0.2343180 0.2870223 -0.6777849 2.1115661 -0.6990561 -0.7018995 0.2090849 -0.0167565 -0.0172688 0.1193502 -0.2597990 -0.5473382 0.2328472 5.6713252 -0.6359010 -0.2367887 -0.1207114 -0.2539953 -0.6889992
-0.5014203 -0.0362337 -0.4714870 -0.7173544 0.3406824 -0.6143266 -0.6400693 0.4736692 0.5093959 0.7505396 0.5709488 0.1401143 -0.6309948 0.7492560 0.4257470 -0.4437598 0.5273326 -0.4067284 0.5759292 -0.0112621 0.6599500 0.3983017 0.6412400 0.2269956 -0.7107281 -0.0358382 0.5227309 -0.0847379 0.2497917 0.6202692 -0.6698684 -0.6838053 0.1329556 0.3983399 -0.5449364 0.5237737 0.4553351 -0.5014201 -0.3353764 0.0389199 -0.3656489 -0.7092863 0.5338407 -0.4114425 -0.6359010 0.9016894 -0.7241786 -0.0497739 -0.7041611 0.5784234
-0.2877090 -0.3621722 -0.0028324 2.4281642 -0.6856831 1.9085869 -0.2181090 -0.6855628 -0.6992909 -0.7406191 -0.6803576 -0.5856606 1.9768112 -0.7422022 -0.7100512 -0.0458948 -0.6844429 -0.0991926 -0.7138984 -0.3368062 -0.6761366 -0.6596198 -0.6865727 -0.6203650 1.9219053 -0.3559340 -0.6906095 -0.2702682 -0.6452836 -0.6830846 1.9387183 2.0261309 -0.5433257 -0.6942558 -0.0973112 -0.7429782 -0.6967501 -0.2877089 0.1270034 -0.3601113 0.1191715 2.4253325 -0.7093179 -0.0286285 -0.2367887 -0.7241786 2.4483423 -0.3698697 2.0210896 -0.6623061
-0.1172133 1.1106426 -0.1313946 -0.3900484 -0.0517251 -0.4395030 -0.1272058 -0.0538861 -0.0329380 -0.0609827 0.0365001 0.0828807 -0.4167186 -0.0584297 -0.0440515 -0.1007634 -0.0748418 0.0759862 -0.0766122 0.3849036 -0.0383610 -0.0188550 -0.0470818 -0.1282685 -0.1807025 1.1168808 -0.0881686 0.5667555 0.0174550 -0.0226333 -0.4116741 -0.3673990 -0.0820784 -0.0589680 -0.1158890 -0.0769453 -0.0556396 -0.1172132 -0.0010158 0.4161455 0.0645505 -0.3928800 -0.1214292 0.0924312 -0.1207114 -0.0497739 -0.3698697 1.4193753 -0.3724404 -0.0299344
-0.2902786 -0.3501095 -0.0053025 2.0155480 -0.6589427 2.1497493 -0.2353156 -0.6683631 -0.6823387 -0.7213159 -0.6683148 -0.5674394 2.2180040 -0.7206212 -0.7221648 -0.0338296 -0.6794806 -0.0871263 -0.6984027 -0.3247409 -0.6680066 -0.6359622 -0.6635897 -0.6056369 1.9339716 -0.3585046 -0.6750326 -0.2559819 -0.6478035 -0.6616496 1.9676000 2.0404184 -0.5444509 -0.6666114 -0.0852448 -0.7275664 -0.6734126 -0.2902785 0.1390686 -0.3480444 0.1166020 2.0149376 -0.6939082 -0.0165633 -0.2539953 -0.7041611 2.0210896 -0.3724404 2.2622879 -0.6360399
-0.4463871 -0.0102592 -0.4010691 -0.6705043 0.3551318 -0.6137010 -0.6950800 0.4647807 0.4126566 0.6155330 0.5757568 0.1300951 -0.6044522 0.5687913 0.3900136 -0.3344194 0.3618661 -0.3185342 0.3682417 0.0089508 0.6110656 0.4340710 0.6630993 0.2459771 -0.6395680 -0.0159987 0.4261828 -0.0647877 0.2696320 0.5803534 -0.6195138 -0.6429777 0.1446276 0.3831400 -0.4895297 0.4141658 0.4572932 -0.4463869 -0.2588111 -0.0081950 -0.3154182 -0.6684587 0.4110254 -0.3020898 -0.6889992 0.5784234 -0.6623061 -0.0299344 -0.6360399 0.8000255
