URAL_2_1995_URAL_2_1995 URAL_2_1995_URAL_2_1995 -0.071007 0.411938 0.41099 0.160152 0.727239 0.00870738 0.0278107 -0.0240776 0.00612703 -0.316797
RUSS_4_2008_RUSS_4_2008 RUSS_4_2008_RUSS_4_2008 -0.208758 -0.342859 0.0819349 -0.0350321 0.00656059 -0.419982 -0.00143568 -0.0631482 -0.741802 -0.316606
JAPA_1_1994_JAPA_1_1994 JAPA_1_1994_JAPA_1_1994 -0.215986 -0.301336 0.0357524 -0.0347998 -0.0283662 0.678541 0.0328037 -0.545383 0.00277629 -0.316716
CHEH_1_1989_CHEH_1_1989 CHEH_1_1989_CHEH_1_1989 -0.100899 0.460356 0.421275 0.174858 -0.68484 -0.0148512 -0.00316423 0.00308744 -0.00869243 -0.317052
KRAS_2_2002_KRAS_2_2002 KRAS_2_2002_KRAS_2_2002 0.589895 -0.0948968 0.00258979 -0.00123497 -0.000341857 0.0121739 -0.736443 -0.0266416 0.00976651 -0.315767
RUSS_1_1998_RUSS_1_1998 RUSS_1_1998_RUSS_1_1998 -0.125667 0.206678 -0.715622 0.571251 0.010852 -0.0437951 0.00512801 -0.0183347 -0.00434505 -0.317227
URAL_1_1991_URAL_1_1991 URAL_1_1991_URAL_1_1991 0.659065 -0.106719 -0.00648598 -0.00331203 -0.0320345 -0.00533248 0.674865 0.0146509 -0.00327816 -0.312198
STOC_6_1965_STOC_6_1965 STOC_6_1965_STOC_6_1965 -0.198808 -0.279215 0.040458 -0.0162767 0.00468715 0.321197 -0.0107669 0.819582 0.0737526 -0.316471
VAST_1_1983_VAST_1_1983 VAST_1_1983_VAST_1_1983 -0.100432 0.387002 -0.353296 -0.783387 0.00509268 -0.0306613 0.00530975 -0.00109612 0.000248895 -0.31723
SMAL_4_1996_SMAL_4_1996 SMAL_4_1996_SMAL_4_1996 -0.216335 -0.345227 0.0836957 -0.0322238 -0.00880117 -0.506655 0.0133048 -0.15813 0.666367 -0.316182
