URAL_2_1995_URAL_2_1995 URAL_2_1995_URAL_2_1995 0.118951 0.00791818 0.273857 -0.115483 0.00355704 -0.889874 -0.0484159 0.0526783 0.0211203 -0.316228
RUSS_4_2008_RUSS_4_2008 RUSS_4_2008_RUSS_4_2008 0.157938 0.0575272 -0.356124 -0.0941909 0.0415309 0.0155782 0.356973 0.263583 -0.732923 -0.316228
JAPA_1_1994_JAPA_1_1994 JAPA_1_1994_JAPA_1_1994 0.167099 0.0639766 -0.279391 -0.0334812 0.0456426 0.116745 -0.829279 0.291272 0.0234426 -0.316228
CHEH_1_1989_CHEH_1_1989 CHEH_1_1989_CHEH_1_1989 0.152715 0.0412912 0.562081 -0.619793 -0.159944 0.384365 0.0386733 0.00899506 0.000306008 -0.316228
KRAS_2_2002_KRAS_2_2002 KRAS_2_2002_KRAS_2_2002 -0.397926 -0.858931 -0.0440478 -0.00835453 -0.00194428 0.0400825 -0.000448603 0.012508 0.0107709 -0.316228
RUSS_1_1998_RUSS_1_1998 RUSS_1_1998_RUSS_1_1998 0.146125 0.0418477 0.148953 0.582253 -0.708965 0.0974059 0.0571168 0.00683091 0.0161825 -0.316228
URAL_1_1991_URAL_1_1991 URAL_1_1991_URAL_1_1991 -0.810656 0.492663 -0.00302947 -0.00339036 0.000816519 0.0082821 -0.000848433 0.00408199 0.00360518 -0.316228
STOC_6_1965_STOC_6_1965 STOC_6_1965_STOC_6_1965 0.149802 0.0486372 -0.272483 -0.0694929 0.0474631 0.00810364 -0.0600409 -0.888353 -0.0319949 -0.316228
VAST_1_1983_VAST_1_1983 VAST_1_1983_VAST_1_1983 0.143001 0.0336322 0.375832 0.483539 0.680494 0.184615 0.0759069 0.0179331 0.0110423 -0.316228
SMAL_4_1996_SMAL_4_1996 SMAL_4_1996_SMAL_4_1996 0.172951 0.0714369 -0.405648 -0.121607 0.0513496 0.0346975 0.410362 0.23047 0.678448 -0.316228
