URAL_2_1995_URAL_2_1995 URAL_2_1995_URAL_2_1995 0.010492 0.415741 -0.423697 0.201229 0.0213311 0.709295 -0.0573997 0.000365943 0.0137027 -0.316228
RUSS_4_2008_RUSS_4_2008 RUSS_4_2008_RUSS_4_2008 0.265265 -0.352533 -0.102796 0.159539 -0.38118 -0.0373895 -0.213215 -0.00165575 -0.690779 -0.316228
JAPA_1_1994_JAPA_1_1994 JAPA_1_1994_JAPA_1_1994 0.238994 -0.165673 0.104963 -0.309004 0.675922 0.0420017 -0.499083 -0.0323467 0.0129723 -0.316228
CHEH_1_1989_CHEH_1_1989 CHEH_1_1989_CHEH_1_1989 0.0527989 0.450649 -0.394323 0.182145 0.143682 -0.695988 0.0155929 0.0077389 -0.010644 -0.316228
KRAS_2_2002_KRAS_2_2002 KRAS_2_2002_KRAS_2_2002 -0.584356 -0.176321 0.0052726 -0.0386802 0.012924 -0.01782 -0.0267913 0.72437 0.000998241 -0.316228
RUSS_1_1998_RUSS_1_1998 RUSS_1_1998_RUSS_1_1998 0.0765061 0.236443 0.750414 0.518492 0.0448807 0.0234749 0.0581836 0.00534939 0.0175465 -0.316228
URAL_1_1991_URAL_1_1991 URAL_1_1991_URAL_1_1991 -0.623089 -0.193082 -0.0106055 0.0112421 -0.00350599 -0.0283761 -0.00527038 -0.687875 0.0149508 -0.316228
STOC_6_1965_STOC_6_1965 STOC_6_1965_STOC_6_1965 0.22105 -0.246261 -0.0566641 -0.147486 0.263551 0.0686176 0.828088 0.000582107 -0.0750461 -0.316228
VAST_1_1983_VAST_1_1983 VAST_1_1983_VAST_1_1983 0.0558597 0.394297 0.24921 -0.704939 -0.425837 -0.0104472 0.00930603 -0.0287802 -0.00216208 -0.316228
SMAL_4_1996_SMAL_4_1996 SMAL_4_1996_SMAL_4_1996 0.286479 -0.36326 -0.121774 0.127462 -0.351769 -0.0533683 -0.109412 0.0122511 0.718461 -0.316228
