URAL_2_1995_URAL_2_1995 URAL_2_1995_URAL_2_1995 0.121636 -0.0149312 0.320575 -0.191208 -0.0395968 0.861839 0.0134996 0.0314718 0.0129326 -0.316194
RUSS_4_2008_RUSS_4_2008 RUSS_4_2008_RUSS_4_2008 0.165523 0.0806695 -0.367512 -0.0841263 0.0286064 -0.0121898 -0.385459 0.269845 -0.707787 -0.31722
JAPA_1_1994_JAPA_1_1994 JAPA_1_1994_JAPA_1_1994 0.166748 0.0724973 -0.260177 -0.0268327 0.0422879 -0.071686 0.815266 0.355428 0.0218271 -0.316444
CHEH_1_1989_CHEH_1_1989 CHEH_1_1989_CHEH_1_1989 0.145789 -0.00384799 0.514601 -0.578026 -0.243532 -0.467414 -0.038951 0.00735381 -0.000574289 -0.316934
KRAS_2_2002_KRAS_2_2002 KRAS_2_2002_KRAS_2_2002 -0.427637 -0.839475 -0.109566 -0.00268907 0.000477143 -0.0300291 -0.00145007 0.00755076 0.0070234 -0.315256
RUSS_1_1998_RUSS_1_1998 RUSS_1_1998_RUSS_1_1998 0.143677 0.0237522 0.171927 0.684434 -0.609702 -0.0756057 -0.0520922 -0.000906263 0.0124258 -0.316959
URAL_1_1991_URAL_1_1991 URAL_1_1991_URAL_1_1991 -0.793835 0.51951 0.0260315 -0.00387077 0.000542161 -0.00516123 0.000560024 0.00226689 0.00234264 -0.314969
STOC_6_1965_STOC_6_1965 STOC_6_1965_STOC_6_1965 0.158415 0.067737 -0.286383 -0.0672958 0.039423 -0.0131345 0.124265 -0.873666 -0.0555883 -0.316578
VAST_1_1983_VAST_1_1983 VAST_1_1983_VAST_1_1983 0.139967 0.00283549 0.384608 0.371371 0.749802 -0.161554 -0.0749679 0.0107679 0.00926882 -0.316917
SMAL_4_1996_SMAL_4_1996 SMAL_4_1996_SMAL_4_1996 0.174272 0.0907206 -0.396839 -0.103013 0.0319933 -0.0235195 -0.401604 0.190628 0.703569 -0.314795
