URAL_2_1995_URAL_2_1995 URAL_2_1995_URAL_2_1995 -0.0032743 0.476334 0.493703 -0.266262 0.233774 0.531604 -0.143315 0.00107065 0.00946106 -0.317136
RUSS_4_2008_RUSS_4_2008 RUSS_4_2008_RUSS_4_2008 0.296616 -0.345327 0.112614 -0.339588 -0.340228 -0.00225609 -0.0353217 0.0235575 -0.667055 -0.31975
JAPA_1_1994_JAPA_1_1994 JAPA_1_1994_JAPA_1_1994 0.23225 -0.134003 -0.0635349 0.37788 0.304051 -0.155658 -0.750786 0.0181499 0.0073757 -0.317071
CHEH_1_1989_CHEH_1_1989 CHEH_1_1989_CHEH_1_1989 0.0193106 0.426067 0.265329 -0.0226405 0.010728 -0.77994 0.195432 -0.00835544 -0.0174114 -0.316535
KRAS_2_2002_KRAS_2_2002 KRAS_2_2002_KRAS_2_2002 -0.591438 -0.227938 0.0180241 0.0178143 -0.00310772 -7.4757e-05 -0.0179459 -0.703003 -0.0197166 -0.320419
RUSS_1_1998_RUSS_1_1998 RUSS_1_1998_RUSS_1_1998 0.0520037 0.220368 -0.771492 -0.421532 0.265501 0.020386 0.0669474 -0.00429869 0.00609464 -0.316861
URAL_1_1991_URAL_1_1991 URAL_1_1991_URAL_1_1991 -0.593731 -0.221442 0.0215393 -0.00492351 0.00233933 -0.0122596 0.00128637 0.709962 0.0268311 -0.305017
STOC_6_1965_STOC_6_1965 STOC_6_1965_STOC_6_1965 0.253895 -0.238924 0.0501773 0.429751 0.432601 0.169203 0.607158 0.00574656 -0.074341 -0.318239
VAST_1_1983_VAST_1_1983 VAST_1_1983_VAST_1_1983 0.020928 0.37194 -0.240194 0.48959 -0.637712 0.235756 0.0337572 0.0142205 0.00189743 -0.316587
SMAL_4_1996_SMAL_4_1996 SMAL_4_1996_SMAL_4_1996 0.296268 -0.330737 0.113755 -0.260891 -0.26964 -0.00895908 0.0418946 -0.0230459 0.740212 -0.314401
