URAL_2_1995_URAL_2_1995 URAL_2_1995_URAL_2_1995 0.121927 0.0362881 0.335716 -0.205957 -0.000626339 0.852247 -0.0103392 0.0450926 -0.0138422 -0.316284
RUSS_4_2008_RUSS_4_2008 RUSS_4_2008_RUSS_4_2008 0.162313 -0.0893494 -0.323903 -0.0668891 0.0637298 -0.00945081 0.346757 0.0246763 0.79458 -0.316111
JAPA_1_1994_JAPA_1_1994 JAPA_1_1994_JAPA_1_1994 0.174379 -0.102204 -0.335082 -0.0527365 0.0619997 -0.0499645 -0.751868 0.414904 -0.00445962 -0.31666
CHEH_1_1989_CHEH_1_1989 CHEH_1_1989_CHEH_1_1989 0.145936 0.0297287 0.521868 -0.60268 -0.0127738 -0.491352 0.00922963 0.00836176 0.000301908 -0.317025
KRAS_2_2002_KRAS_2_2002 KRAS_2_2002_KRAS_2_2002 -0.435014 0.828541 -0.153469 -0.00553873 0.00451831 -0.0317475 -0.00276405 0.0119824 -0.00638 -0.315404
RUSS_1_1998_RUSS_1_1998 RUSS_1_1998_RUSS_1_1998 0.14407 -0.0124333 0.15899 0.435966 -0.8073 -0.0972499 0.0273715 0.036813 -0.00488564 -0.316901
URAL_1_1991_URAL_1_1991 URAL_1_1991_URAL_1_1991 -0.789139 -0.524547 0.0534169 -0.00221555 0.00072891 -0.00341546 -0.00100699 0.00253469 -0.00125398 -0.315009
STOC_6_1965_STOC_6_1965 STOC_6_1965_STOC_6_1965 0.157034 -0.0764945 -0.262602 -0.0405265 0.0360178 -0.00227699 -0.169856 -0.858484 -0.178906 -0.315804
VAST_1_1983_VAST_1_1983 VAST_1_1983_VAST_1_1983 0.139661 0.0173853 0.373255 0.623196 0.577008 -0.135199 0.0203854 0.0186822 -0.00543564 -0.317
SMAL_4_1996_SMAL_4_1996 SMAL_4_1996_SMAL_4_1996 0.173738 -0.106925 -0.371203 -0.083584 0.0770789 -0.0300165 0.533139 0.293759 -0.579938 -0.316073
